#q1           q2            q3            q4            q5            q6            lamb1         lamb2         lamb3         lamb4         lamb5         lamb6         
-1.781294e-15 1.000000e+00 -1.214342e-14 3.001946e+00 -1.086538e-13 1.502869e+01 1.000000e-16 5.005183e-01 1.000000e-16 -9.181002e-05 1.000000e-16 7.302548e-07 
-1.777682e-15 1.000000e+00 -1.172640e-14 2.982001e+00 -1.024629e-13 1.473281e+01 1.000000e-16 4.954304e-01 1.000000e-16 7.619102e-04 1.000000e-16 5.783593e-07 
-1.011290e-15 1.000000e+00 -2.347889e-15 2.260085e+00 -7.221967e-15 7.103496e+00 1.000000e-16 8.112968e-02 1.000000e-16 9.262912e-02 1.000000e-16 8.025102e-06 
-1.616278e-15 1.000000e+00 -9.521669e-15 2.854002e+00 -7.436121e-14 1.298947e+01 1.000000e-16 4.570100e-01 1.000000e-16 7.528025e-03 1.000000e-16 5.135855e-07 
-1.709423e-15 1.000000e+00 -1.110684e-14 2.947319e+00 -9.267760e-14 1.423536e+01 1.000000e-16 4.860304e-01 1.000000e-16 2.366062e-03 1.000000e-16 5.279745e-07 
-1.218513e-15 1.000000e+00 -6.410426e-15 2.745413e+00 -4.667040e-14 1.133638e+01 1.000000e-16 4.949512e-01 1.000000e-16 -1.898203e-02 1.000000e-16 3.213132e-03 
-1.692982e-15 1.000000e+00 -1.113317e-14 2.953793e+00 -9.450194e-14 1.432661e+01 1.000000e-16 4.878440e-01 1.000000e-16 2.053074e-03 1.000000e-16 6.342374e-07 
-2.006114e-15 1.000000e+00 -1.510872e-14 3.134276e+00 -1.535910e-13 1.702270e+01 1.000000e-16 5.359113e-01 1.000000e-16 -6.741551e-03 1.000000e-16 1.243138e-04 
-1.047965e-15 1.000000e+00 -2.239187e-15 2.161036e+00 -5.441178e-15 6.350475e+00 1.000000e-16 -1.527393e-02 1.000000e-16 1.121081e-01 1.000000e-16 1.613255e-03 
-1.132033e-15 1.000000e+00 -2.438288e-15 1.897370e+00 -5.225460e-15 4.660587e+00 1.000000e-16 -4.777220e-01 1.000000e-16 2.547469e-01 1.000000e-16 7.884254e-04 
-1.046518e-15 1.000000e+00 -2.476048e-15 2.013555e+00 -4.974601e-15 5.369510e+00 1.000000e-16 -2.525472e-01 1.000000e-16 1.860399e-01 1.000000e-16 2.075904e-04 
-9.826260e-16 1.000000e+00 -2.169528e-15 2.061858e+00 -5.193114e-15 5.682942e+00 1.000000e-16 -1.725041e-01 1.000000e-16 1.621473e-01 1.000000e-16 2.261075e-04 
-1.008603e-15 1.000000e+00 -2.300934e-15 2.183858e+00 -5.874004e-15 6.530568e+00 1.000000e-16 -4.210736e-03 1.000000e-16 1.149367e-01 1.000000e-16 1.122875e-04 
-1.046005e-15 1.000000e+00 -2.401736e-15 2.082505e+00 -5.300134e-15 5.818384e+00 1.000000e-16 -1.375789e-01 1.000000e-16 1.508703e-01 1.000000e-16 5.272047e-04 
-1.062074e-15 1.000000e+00 -2.447369e-15 2.108056e+00 -5.476722e-15 5.994841e+00 1.000000e-16 -1.043112e-01 1.000000e-16 1.427760e-01 1.000000e-16 1.307513e-04 
-1.074884e-15 1.000000e+00 -2.280805e-15 2.126778e+00 -5.630300e-15 6.122930e+00 1.000000e-16 -7.653417e-02 1.000000e-16 1.343780e-01 1.000000e-16 2.694717e-04 
-1.030507e-15 1.000000e+00 -2.297377e-15 2.136602e+00 -5.277127e-15 6.188665e+00 1.000000e-16 -5.972989e-02 1.000000e-16 1.285080e-01 1.000000e-16 5.703418e-04 
-1.155103e-15 1.000000e+00 -2.488089e-15 1.922073e+00 -5.688537e-15 4.806560e+00 1.000000e-16 -4.266594e-01 1.000000e-16 2.394679e-01 1.000000e-16 4.237123e-04 
-1.025412e-15 1.000000e+00 -2.349562e-15 2.051766e+00 -5.141716e-15 5.615041e+00 1.000000e-16 -1.863002e-01 1.000000e-16 1.654100e-01 1.000000e-16 4.473106e-04 
-1.027839e-15 1.000000e+00 -2.243786e-15 1.987289e+00 -5.245909e-15 5.202637e+00 1.000000e-16 -2.970248e-01 1.000000e-16 1.986453e-01 1.000000e-16 4.801099e-04 
-1.057655e-15 1.000000e+00 -2.433565e-15 2.100559e+00 -5.414380e-15 5.941361e+00 1.000000e-16 -1.121308e-01 1.000000e-16 1.439882e-01 1.000000e-16 4.050241e-04 
-1.004040e-15 1.000000e+00 -2.284624e-15 2.176329e+00 -5.780366e-15 6.475185e+00 1.000000e-16 -1.269333e-02 1.000000e-16 1.169863e-01 1.000000e-16 1.797525e-04 
-1.147572e-15 1.000000e+00 -2.471819e-15 1.913979e+00 -5.650930e-15 4.758484e+00 1.000000e-16 -4.432858e-01 1.000000e-16 2.445069e-01 1.000000e-16 5.130467e-04 
-1.145213e-15 1.000000e+00 -2.600743e-15 2.082775e+00 -5.305737e-15 5.821603e+00 1.000000e-16 -1.391825e-01 1.000000e-16 1.520360e-01 1.000000e-16 3.360391e-04 
-9.891766e-16 1.000000e+00 -2.335340e-15 2.153817e+00 -5.491668e-15 6.315261e+00 1.000000e-16 -4.295857e-02 1.000000e-16 1.258573e-01 1.000000e-16 4.284353e-05 
-9.588415e-16 1.000000e+00 -2.231797e-15 2.099194e+00 -4.969534e-15 5.921365e+00 1.000000e-16 -9.936121e-02 1.000000e-16 1.352109e-01 1.000000e-16 1.784122e-03 
-1.048199e-15 1.000000e+00 -2.479882e-15 2.014527e+00 -5.362010e-15 5.373233e+00 1.000000e-16 -2.464577e-01 1.000000e-16 1.825930e-01 1.000000e-16 6.687975e-04 
-1.096890e-15 1.000000e+00 -2.531300e-15 1.862061e+00 -5.737755e-15 4.458338e+00 1.000000e-16 -5.597345e-01 1.000000e-16 2.813583e-01 1.000000e-16 8.913798e-04 
-1.014351e-15 1.000000e+00 -2.398321e-15 1.970065e+00 -4.803653e-15 5.097240e+00 1.000000e-16 -3.319469e-01 1.000000e-16 2.104000e-01 1.000000e-16 1.925118e-04 
-1.061723e-15 1.000000e+00 -2.320516e-15 2.034389e+00 -5.448744e-15 5.502505e+00 1.000000e-16 -2.157818e-01 1.000000e-16 1.745312e-01 1.000000e-16 3.424598e-04 
-1.060289e-15 1.000000e+00 -2.239360e-15 2.104493e+00 -5.441339e-15 5.968059e+00 1.000000e-16 -1.062594e-01 1.000000e-16 1.422477e-01 1.000000e-16 4.211824e-04 
-1.022023e-15 1.000000e+00 -2.230948e-15 1.980437e+00 -5.214632e-15 5.161651e+00 1.000000e-16 -3.129604e-01 1.000000e-16 2.047513e-01 1.000000e-16 1.269844e-04 
-9.574302e-16 1.000000e+00 -2.029688e-15 2.098717e+00 -4.585448e-15 5.923189e+00 1.000000e-16 -1.070897e-01 1.000000e-16 1.398707e-01 1.000000e-16 1.125050e-03 
-1.094808e-15 1.000000e+00 -2.445063e-15 2.156888e+00 -5.514493e-15 6.336073e+00 1.000000e-16 -3.779500e-02 1.000000e-16 1.240361e-01 1.000000e-16 1.436813e-04 
-1.009251e-15 1.000000e+00 -2.202634e-15 1.963174e+00 -4.777860e-15 5.054641e+00 1.000000e-16 -3.445769e-01 1.000000e-16 2.140889e-01 1.000000e-16 2.630863e-04 
-1.034820e-15 1.000000e+00 -2.447496e-15 1.996841e+00 -5.285468e-15 5.262605e+00 1.000000e-16 -2.799831e-01 1.000000e-16 1.935699e-01 1.000000e-16 4.387196e-04 
-9.938027e-16 1.000000e+00 -2.247341e-15 2.161053e+00 -5.569556e-15 6.366324e+00 1.000000e-16 -3.302531e-02 1.000000e-16 1.229134e-01 1.000000e-16 9.322566e-05 
-1.045313e-15 1.000000e+00 -2.221898e-15 2.154004e+00 -5.303800e-15 6.290249e+00 1.000000e-16 -1.183976e-02 1.000000e-16 1.068740e-01 1.000000e-16 2.725148e-03 
-1.005111e-15 1.000000e+00 -2.283552e-15 2.178264e+00 -5.751685e-15 6.486575e+00 1.000000e-16 -7.547637e-03 1.000000e-16 1.146845e-01 1.000000e-16 4.070777e-04 
-1.021685e-15 1.000000e+00 -2.274043e-15 2.123755e+00 -5.190986e-15 6.102794e+00 1.000000e-16 -8.178050e-02 1.000000e-16 1.362222e-01 1.000000e-16 1.734429e-04 
-1.056122e-15 1.000000e+00 -2.226415e-15 2.096590e+00 -5.375108e-15 5.910226e+00 1.000000e-16 -1.122196e-01 1.000000e-16 1.420375e-01 1.000000e-16 9.379715e-04 
-1.104163e-15 1.000000e+00 -2.393078e-15 1.967132e+00 -5.528616e-15 5.079142e+00 1.000000e-16 -3.374235e-01 1.000000e-16 2.120474e-01 1.000000e-16 2.082422e-04 
-1.047117e-15 1.000000e+00 -2.207130e-15 2.085437e+00 -5.326450e-15 5.841141e+00 1.000000e-16 -1.374871e-01 1.000000e-16 1.523455e-01 1.000000e-16 1.183082e-04 
-1.097849e-15 1.000000e+00 -2.406959e-15 2.085409e+00 -5.316394e-15 5.837495e+00 1.000000e-16 -1.326462e-01 1.000000e-16 1.492469e-01 1.000000e-16 5.804242e-04 
-1.024509e-15 1.000000e+00 -2.347818e-15 2.051633e+00 -5.140623e-15 5.616589e+00 1.000000e-16 -1.903233e-01 1.000000e-16 1.679526e-01 1.000000e-16 6.939558e-05 
-1.066393e-15 1.000000e+00 -2.488437e-15 1.922797e+00 -5.334031e-15 4.811746e+00 1.000000e-16 -4.272952e-01 1.000000e-16 2.405165e-01 1.000000e-16 1.639525e-04 
-1.006351e-15 1.000000e+00 -2.394112e-15 2.180211e+00 -5.785021e-15 6.501231e+00 1.000000e-16 -5.728391e-03 1.000000e-16 1.143825e-01 1.000000e-16 3.574959e-04 
-1.114112e-15 1.000000e+00 -2.414576e-15 1.975649e+00 -5.206420e-15 5.125554e+00 1.000000e-16 -3.088219e-01 1.000000e-16 1.985311e-01 1.000000e-16 1.584625e-03 
-1.062231e-15 1.000000e+00 -2.322085e-15 2.036003e+00 -5.070437e-15 5.514725e+00 1.000000e-16 -2.160197e-01 1.000000e-16 1.756523e-01 1.000000e-16 4.608490e-05 
-1.025222e-15 1.000000e+00 -2.284386e-15 2.129209e+00 -5.234094e-15 6.140384e+00 1.000000e-16 -7.384317e-02 1.000000e-16 1.338381e-01 1.000000e-16 2.119449e-04 
-1.086517e-15 1.000000e+00 -2.380058e-15 2.070405e+00 -5.238839e-15 5.740274e+00 1.000000e-16 -1.601054e-01 1.000000e-16 1.588402e-01 1.000000e-16 1.381204e-04 
-1.214575e-15 1.000000e+00 -2.732794e-15 1.760981e+00 -5.769233e-15 3.910927e+00 1.000000e-16 -8.385364e-01 1.000000e-16 3.769373e-01 1.000000e-16 9.356322e-04 
-1.050275e-15 1.000000e+00 -2.265152e-15 2.167505e+00 -5.680157e-15 6.413040e+00 1.000000e-16 -2.532330e-02 1.000000e-16 1.209603e-01 1.000000e-16 4.986555e-05 
nan nan nan nan nan nan 1.000000e-16 -5.765095e-01 1.000000e-16 -4.444872e-02 1.000000e-16 -2.113989e-04 
-1.051697e-15 1.000000e+00 -2.365132e-15 2.169203e+00 -5.191252e-15 6.419085e+00 1.000000e-16 -1.649927e-02 1.000000e-16 1.163400e-01 1.000000e-16 6.111477e-04 
-1.095868e-15 1.000000e+00 -2.374849e-15 1.955886e+00 -5.484408e-15 5.008251e+00 1.000000e-16 -3.546912e-01 1.000000e-16 2.156710e-01 1.000000e-16 7.344872e-04 
-1.019944e-15 1.000000e+00 -2.411613e-15 1.976227e+00 -4.830860e-15 5.133112e+00 1.000000e-16 -3.159007e-01 1.000000e-16 2.037989e-01 1.000000e-16 6.750266e-04 
-1.051661e-15 1.000000e+00 -2.218425e-15 2.092245e+00 -5.367487e-15 5.886938e+00 1.000000e-16 -1.270885e-01 1.000000e-16 1.492455e-01 1.000000e-16 1.456482e-04 
-1.054478e-15 1.000000e+00 -2.112078e-15 2.023456e+00 -4.634494e-15 5.430653e+00 1.000000e-16 -2.317640e-01 1.000000e-16 1.784247e-01 1.000000e-16 5.950755e-04 
-1.048924e-15 1.000000e+00 -2.291196e-15 2.016540e+00 -5.368407e-15 5.387896e+00 1.000000e-16 -2.462221e-01 1.000000e-16 1.837123e-01 1.000000e-16 3.276319e-04 
-1.168149e-15 1.000000e+00 -2.503186e-15 1.850308e+00 -5.673971e-15 4.392481e+00 1.000000e-16 -5.891518e-01 1.000000e-16 2.912919e-01 1.000000e-16 8.493256e-04 
-1.083438e-15 1.000000e+00 -2.409150e-15 2.140201e+00 -5.755113e-15 6.218391e+00 1.000000e-16 -6.024144e-02 1.000000e-16 1.304475e-01 1.000000e-16 1.004491e-04 
-1.066179e-15 1.000000e+00 -2.330549e-15 2.039968e+00 -5.087407e-15 5.537271e+00 1.000000e-16 -2.042194e-01 1.000000e-16 1.702555e-01 1.000000e-16 5.771636e-04 
-9.908555e-16 1.000000e+00 -2.231842e-15 2.155521e+00 -5.457440e-15 6.321916e+00 1.000000e-16 -3.455633e-02 1.000000e-16 1.214764e-01 1.000000e-16 5.729409e-04 
-1.039545e-15 1.000000e+00 -2.385579e-15 2.073337e+00 -5.252448e-15 5.758448e+00 1.000000e-16 -1.535706e-01 1.000000e-16 1.562262e-01 1.000000e-16 3.329191e-04 
-1.002216e-15 1.000000e+00 -2.278104e-15 2.173509e+00 -5.743456e-15 6.455021e+00 1.000000e-16 -1.643163e-02 1.000000e-16 1.180811e-01 1.000000e-16 1.616841e-04 
-1.075671e-15 1.000000e+00 -2.487217e-15 2.128508e+00 -5.234197e-15 6.136160e+00 1.000000e-16 -7.561430e-02 1.000000e-16 1.346104e-01 1.000000e-16 1.399012e-04 
-1.042585e-15 1.000000e+00 -2.194287e-15 2.076588e+00 -5.268154e-15 5.777266e+00 1.000000e-16 -1.443698e-01 1.000000e-16 1.520696e-01 1.000000e-16 7.384090e-04 
-1.099583e-15 1.000000e+00 -2.406475e-15 2.082125e+00 -5.678023e-15 5.802766e+00 1.000000e-16 -1.190022e-01 1.000000e-16 1.387561e-01 1.000000e-16 2.365930e-03 
-1.131564e-15 1.000000e+00 -2.565961e-15 2.063704e+00 -5.201031e-15 5.694033e+00 1.000000e-16 -1.679072e-01 1.000000e-16 1.601992e-01 1.000000e-16 3.922252e-04 
-1.009763e-15 1.000000e+00 -2.387348e-15 1.963942e+00 -5.514827e-15 5.059508e+00 1.000000e-16 -3.434331e-01 1.000000e-16 2.138629e-01 1.000000e-16 2.242946e-04 
-1.026930e-15 1.000000e+00 -2.240652e-15 1.966655e+00 -5.228851e-15 5.044327e+00 1.000000e-16 -2.680577e-01 1.000000e-16 1.634509e-01 1.000000e-16 8.270328e-03 
-1.021285e-15 1.000000e+00 -2.273483e-15 2.123292e+00 -5.598003e-15 6.100147e+00 1.000000e-16 -8.312054e-02 1.000000e-16 1.368377e-01 1.000000e-16 1.107998e-04 
-1.033808e-15 1.000000e+00 -2.174055e-15 2.064526e+00 -5.205103e-15 5.699515e+00 1.000000e-16 -1.666728e-01 1.000000e-16 1.598566e-01 1.000000e-16 3.869580e-04 
-9.198409e-16 1.000000e+00 -2.071422e-15 2.123447e+00 -4.794985e-15 6.100981e+00 1.000000e-16 -8.260961e-02 1.000000e-16 1.365928e-01 1.000000e-16 1.373731e-04 
-1.083404e-15 1.000000e+00 -2.509715e-15 2.139624e+00 -5.731731e-15 6.212272e+00 1.000000e-16 -5.857182e-02 1.000000e-16 1.291626e-01 1.000000e-16 3.140520e-04 
-1.091875e-15 1.000000e+00 -2.366177e-15 1.952126e+00 -5.464201e-15 4.987046e+00 1.000000e-16 -3.656866e-01 1.000000e-16 2.204679e-01 1.000000e-16 3.291611e-04 
-9.865496e-16 1.000000e+00 -2.221583e-15 2.149294e+00 -5.013735e-15 6.281510e+00 1.000000e-16 -4.697284e-02 1.000000e-16 1.263423e-01 1.000000e-16 2.058626e-04 
-9.624996e-16 1.000000e+00 -2.046321e-15 2.109630e+00 -5.076562e-15 6.003948e+00 1.000000e-16 -9.986354e-02 1.000000e-16 1.407547e-01 1.000000e-16 3.321582e-04 
-1.134517e-15 1.000000e+00 -2.593184e-15 1.820825e+00 -5.510540e-15 4.229808e+00 1.000000e-16 -6.661199e-01 1.000000e-16 3.174223e-01 1.000000e-16 8.021557e-04 
-1.047014e-15 1.000000e+00 -2.201827e-15 2.080264e+00 -5.271595e-15 5.794864e+00 1.000000e-16 -1.285413e-01 1.000000e-16 1.438841e-01 1.000000e-16 1.720354e-03 
-1.039039e-15 1.000000e+00 -2.187260e-15 2.073195e+00 -4.859181e-15 5.758914e+00 1.000000e-16 -1.558599e-01 1.000000e-16 1.576191e-01 1.000000e-16 1.336767e-04 
-1.098491e-15 1.000000e+00 -2.609397e-15 2.087159e+00 -5.736494e-15 5.851484e+00 1.000000e-16 -1.331325e-01 1.000000e-16 1.504683e-01 1.000000e-16 2.865188e-04 
-9.727127e-16 1.000000e+00 -2.272920e-15 2.123935e+00 -5.138978e-15 6.094294e+00 1.000000e-16 -6.921271e-02 1.000000e-16 1.284839e-01 1.000000e-16 1.281528e-03 
-1.050033e-15 1.000000e+00 -2.262568e-15 2.167656e+00 -5.655418e-15 6.414139e+00 1.000000e-16 -2.514682e-02 1.000000e-16 1.209165e-01 1.000000e-16 4.864209e-05 
-1.040390e-15 1.000000e+00 -2.271718e-15 2.003908e+00 -5.315668e-15 5.306125e+00 1.000000e-16 -2.654958e-01 1.000000e-16 1.884858e-01 1.000000e-16 6.331862e-04 
-1.039254e-15 1.000000e+00 -2.458137e-15 2.002672e+00 -5.309864e-15 5.298899e+00 1.000000e-16 -2.687616e-01 1.000000e-16 1.898705e-01 1.000000e-16 5.199152e-04 
-9.930468e-16 1.000000e+00 -2.194133e-15 2.076799e+00 -4.868938e-15 5.778819e+00 1.000000e-16 -1.442663e-01 1.000000e-16 1.521162e-01 1.000000e-16 7.173887e-04 
-1.075116e-15 1.000000e+00 -2.352323e-15 2.053544e+00 -5.544782e-15 5.627807e+00 1.000000e-16 -1.851707e-01 1.000000e-16 1.656896e-01 1.000000e-16 2.765390e-04 
-1.126945e-15 1.000000e+00 -2.359374e-15 2.058297e+00 -5.567561e-15 5.660307e+00 1.000000e-16 -1.794738e-01 1.000000e-16 1.646732e-01 1.000000e-16 9.309463e-05 
-1.045220e-15 1.000000e+00 -2.472980e-15 2.011857e+00 -5.348532e-15 5.358922e+00 1.000000e-16 -2.558954e-01 1.000000e-16 1.871946e-01 1.000000e-16 1.665651e-04 
-1.161245e-15 1.000000e+00 -2.519566e-15 2.036150e+00 -5.457503e-15 5.509670e+00 1.000000e-16 -2.057751e-01 1.000000e-16 1.689964e-01 1.000000e-16 1.063045e-03 
-9.855346e-16 1.000000e+00 -2.321002e-15 2.147617e+00 -5.405099e-15 6.269252e+00 1.000000e-16 -4.872118e-02 1.000000e-16 1.266758e-01 1.000000e-16 2.455878e-04 
-1.049404e-15 1.000000e+00 -2.292300e-15 2.016929e+00 -4.990080e-15 5.389905e+00 1.000000e-16 -2.447105e-01 1.000000e-16 1.829507e-01 1.000000e-16 4.151763e-04 
-1.121511e-15 1.000000e+00 -2.415609e-15 1.886884e+00 -5.521788e-15 4.600308e+00 1.000000e-16 -5.024354e-01 1.000000e-16 2.631276e-01 1.000000e-16 6.849201e-04 
-1.047168e-15 1.000000e+00 -2.206858e-15 2.085240e+00 -5.322156e-15 5.839093e+00 1.000000e-16 -1.367659e-01 1.000000e-16 1.517840e-01 1.000000e-16 2.142811e-04 
-1.061934e-15 1.000000e+00 -2.513746e-15 2.034161e+00 -5.447626e-15 5.500004e+00 1.000000e-16 -2.144427e-01 1.000000e-16 1.735121e-01 1.000000e-16 5.175417e-04 
-1.010950e-15 1.000000e+00 -2.416785e-15 2.187444e+00 -5.940217e-15 6.557687e+00 1.000000e-16 -8.466652e-04 1.000000e-16 1.143494e-01 1.000000e-16 2.952178e-05 
-1.047417e-15 1.000000e+00 -2.207334e-15 2.085511e+00 -5.323418e-15 5.840677e+00 1.000000e-16 -1.360212e-01 1.000000e-16 1.514509e-01 1.000000e-16 2.463403e-04 
-1.086754e-15 1.000000e+00 -2.380509e-15 2.070590e+00 -5.239291e-15 5.741156e+00 1.000000e-16 -1.593025e-01 1.000000e-16 1.584244e-01 1.000000e-16 1.880459e-04 
nan nan nan nan nan nan 1.000000e-16 -2.691401e-01 1.000000e-16 -4.730694e-02 1.000000e-16 -2.124437e-04 
-9.653348e-16 1.000000e+00 -2.254271e-15 2.113195e+00 -5.085074e-15 6.025011e+00 1.000000e-16 -9.034288e-02 1.000000e-16 1.365230e-01 1.000000e-16 7.382411e-04 
-1.035510e-15 1.000000e+00 -2.449171e-15 1.997810e+00 -5.289488e-15 5.268747e+00 1.000000e-16 -2.783401e-01 1.000000e-16 1.931069e-01 1.000000e-16 4.275695e-04 
-1.076669e-15 1.000000e+00 -2.355678e-15 2.055623e+00 -5.552300e-15 5.641050e+00 1.000000e-16 -1.811990e-01 1.000000e-16 1.642872e-01 1.000000e-16 3.411913e-04 
-1.026482e-15 1.000000e+00 -2.287151e-15 2.130820e+00 -5.240651e-15 6.150279e+00 1.000000e-16 -7.001621e-02 1.000000e-16 1.322131e-01 1.000000e-16 3.561830e-04 
-1.049225e-15 1.000000e+00 -2.291786e-15 2.016278e+00 -4.987799e-15 5.384998e+00 1.000000e-16 -2.445066e-01 1.000000e-16 1.824030e-01 1.000000e-16 5.543935e-04 
-1.053189e-15 1.000000e+00 -2.221788e-15 2.094713e+00 -5.377433e-15 5.903718e+00 1.000000e-16 -1.235227e-01 1.000000e-16 1.482418e-01 1.000000e-16 1.397240e-04 
-1.057979e-15 1.000000e+00 -2.311916e-15 2.029214e+00 -5.040466e-15 5.469251e+00 1.000000e-16 -2.247263e-01 1.000000e-16 1.773034e-01 1.000000e-16 3.140789e-04 
-1.039319e-15 1.000000e+00 -2.217059e-15 2.148617e+00 -5.357106e-15 6.267221e+00 1.000000e-16 -3.676324e-02 1.000000e-16 1.197900e-01 1.000000e-16 1.169972e-03 
-1.057586e-15 1.000000e+00 -2.119171e-15 2.029423e+00 -5.041476e-15 5.472079e+00 1.000000e-16 -2.268718e-01 1.000000e-16 1.788473e-01 1.000000e-16 5.835908e-05 
-1.122625e-15 1.000000e+00 -2.246575e-15 1.988967e+00 -4.878724e-15 5.213090e+00 1.000000e-16 -2.939178e-01 1.000000e-16 1.976841e-01 1.000000e-16 4.823405e-04 
-1.750653e-15 1.000000e+00 -1.139824e-14 2.967132e+00 -9.767763e-14 1.451710e+01 1.000000e-16 4.914797e-01 1.000000e-16 1.433272e-03 1.000000e-16 3.422941e-07 
-1.383491e-15 1.000000e+00 -7.931994e-15 2.771783e+00 -6.022316e-14 1.198458e+01 1.000000e-16 4.266015e-01 1.000000e-16 1.321516e-02 1.000000e-16 3.876503e-06 
-1.684902e-15 1.000000e+00 -1.072635e-14 2.933301e+00 -8.954454e-14 1.403998e+01 1.000000e-16 4.820275e-01 1.000000e-16 3.059261e-03 1.000000e-16 5.936542e-07 
-1.598082e-15 1.000000e+00 -1.051338e-14 2.922376e+00 -8.655605e-14 1.389004e+01 1.000000e-16 4.788061e-01 1.000000e-16 3.624772e-03 1.000000e-16 1.932396e-07 
-1.753949e-15 1.000000e+00 -1.122958e-14 2.953562e+00 -9.446864e-14 1.432343e+01 1.000000e-16 4.877730e-01 1.000000e-16 2.066487e-03 1.000000e-16 4.644073e-07 
-1.773532e-15 1.000000e+00 -1.205171e-14 2.997455e+00 -1.070480e-13 1.496166e+01 1.000000e-16 4.993762e-01 1.000000e-16 1.016571e-04 1.000000e-16 3.208314e-07 
-1.720326e-15 1.000000e+00 -1.105236e-14 2.951878e+00 -9.368720e-14 1.429976e+01 1.000000e-16 4.872938e-01 1.000000e-16 2.150806e-03 1.000000e-16 1.960867e-07 
-1.853537e-15 1.000000e+00 -1.286645e-14 3.036086e+00 -1.211556e-13 1.555484e+01 1.000000e-16 5.086574e-01 1.000000e-16 -1.427840e-03 1.000000e-16 2.723167e-07 
-1.910778e-15 1.000000e+00 -1.320319e-14 3.047694e+00 -1.259594e-13 1.573949e+01 1.000000e-16 5.112931e-01 1.000000e-16 -1.857016e-03 1.000000e-16 5.525229e-07 
-1.652769e-15 1.000000e+00 -9.758905e-15 2.883828e+00 -7.838123e-14 1.337440e+01 1.000000e-16 4.668946e-01 1.000000e-16 5.737469e-03 1.000000e-16 3.409932e-07 
-1.039501e-15 1.000000e+00 -2.385298e-15 2.073137e+00 -5.250476e-15 5.756800e+00 1.000000e-16 -1.534221e-01 1.000000e-16 1.560228e-01 1.000000e-16 3.768854e-04 
-1.702869e-15 1.000000e+00 -1.090795e-14 2.943237e+00 -9.177867e-14 1.417830e+01 1.000000e-16 4.848648e-01 1.000000e-16 2.569508e-03 1.000000e-16 2.321628e-07 
-1.572050e-15 1.000000e+00 -9.565626e-15 2.864525e+00 -7.607921e-14 1.312388e+01 1.000000e-16 4.605730e-01 1.000000e-16 6.877413e-03 1.000000e-16 6.594402e-07 
-1.919366e-15 1.000000e+00 -1.385411e-14 3.072950e+00 -1.378828e-13 1.615437e+01 1.000000e-16 5.167331e-01 1.000000e-16 -2.727581e-03 1.000000e-16 6.255602e-07 
-3.445690e-15 1.000000e+00 -1.516586e-13 3.265003e+00 -1.332481e-11 3.099688e+01 1.000000e-16 5.284579e-01 1.000000e-16 -4.438677e-03 1.000000e-16 6.005290e-07 
-1.744945e-15 1.000000e+00 -1.068272e-14 2.931807e+00 -8.933860e-14 1.401946e+01 1.000000e-16 4.815850e-01 1.000000e-16 3.137888e-03 1.000000e-16 3.715640e-07 
-1.367161e-15 1.000000e+00 -7.127456e-15 2.702909e+00 -5.039369e-14 1.120075e+01 1.000000e-16 3.969583e-01 1.000000e-16 1.905290e-02 1.000000e-16 1.343605e-06 
-1.607840e-15 1.000000e+00 -9.930924e-15 2.892037e+00 -8.039443e-14 1.348240e+01 1.000000e-16 4.695164e-01 1.000000e-16 5.267199e-03 1.000000e-16 4.373279e-07 
-1.556484e-15 1.000000e+00 -9.557172e-15 2.855021e+00 -7.467601e-14 1.300250e+01 1.000000e-16 4.573520e-01 1.000000e-16 7.466673e-03 1.000000e-16 3.322202e-07 
-1.721351e-15 1.000000e+00 -1.134914e-14 2.971614e+00 -9.906798e-14 1.458185e+01 1.000000e-16 4.926745e-01 1.000000e-16 1.231251e-03 1.000000e-16 1.799842e-07 
-1.678254e-15 1.000000e+00 -1.001848e-14 2.896145e+00 -8.103955e-14 1.353677e+01 1.000000e-16 4.708133e-01 1.000000e-16 5.035209e-03 1.000000e-16 5.244303e-07 
-1.715657e-15 1.000000e+00 -1.033383e-14 2.915156e+00 -8.539965e-14 1.379171e+01 1.000000e-16 4.766575e-01 1.000000e-16 4.000198e-03 1.000000e-16 4.858500e-07 
-1.562905e-15 1.000000e+00 -9.616200e-15 2.861211e+00 -7.559483e-14 1.308141e+01 1.000000e-16 4.594590e-01 1.000000e-16 7.080409e-03 1.000000e-16 6.093364e-07 
-9.966835e-16 1.000000e+00 -2.965199e-15 2.415159e+00 -1.379442e-14 8.348077e+00 1.000000e-16 2.371764e-01 1.000000e-16 4.982839e-02 1.000000e-16 8.839006e-04 
-1.514060e-15 1.000000e+00 -8.627101e-15 2.796762e+00 -6.590263e-14 1.228197e+01 1.000000e-16 4.363049e-01 1.000000e-16 1.138205e-02 1.000000e-16 7.958394e-07 
-1.923431e-15 1.000000e+00 -1.437817e-14 3.089105e+00 -1.473565e-13 1.643150e+01 1.000000e-16 5.200025e-01 1.000000e-16 -3.241211e-03 1.000000e-16 4.537950e-07 
-1.616501e-15 1.000000e+00 -9.523698e-15 2.854580e+00 -7.413279e-14 1.299654e+01 1.000000e-16 4.572426e-01 1.000000e-16 7.478644e-03 1.000000e-16 1.553503e-06 
-1.867157e-15 1.000000e+00 -1.264787e-14 3.028926e+00 -1.180492e-13 1.544212e+01 1.000000e-16 5.070176e-01 1.000000e-16 -1.162988e-03 1.000000e-16 5.960435e-07 
-1.784645e-15 1.000000e+00 -1.141952e-14 2.969031e+00 -9.881996e-14 1.454458e+01 1.000000e-16 4.919810e-01 1.000000e-16 1.349571e-03 1.000000e-16 1.185269e-07 
-1.844907e-15 1.000000e+00 -1.295381e-14 3.035432e+00 -1.206478e-13 1.554421e+01 1.000000e-16 5.085235e-01 1.000000e-16 -1.408595e-03 1.000000e-16 5.982290e-07 
-1.655658e-15 1.000000e+00 -1.027714e-14 2.916549e+00 -8.531768e-14 1.381069e+01 1.000000e-16 4.770685e-01 1.000000e-16 3.929396e-03 1.000000e-16 2.653103e-07 
-1.884633e-15 1.000000e+00 -1.345393e-14 3.053757e+00 -1.285223e-13 1.583786e+01 1.000000e-16 5.126134e-01 1.000000e-16 -2.066733e-03 1.000000e-16 1.943733e-07 
-1.613750e-15 1.000000e+00 -1.001843e-14 2.896140e+00 -8.079355e-14 1.353682e+01 1.000000e-16 4.707997e-01 1.000000e-16 5.039869e-03 1.000000e-16 1.972826e-07 
-1.691568e-15 1.000000e+00 -1.092593e-14 2.937769e+00 -9.018367e-14 1.410193e+01 1.000000e-16 4.833147e-01 1.000000e-16 2.835984e-03 1.000000e-16 5.290040e-07 
-1.544664e-15 1.000000e+00 -8.765127e-15 2.818438e+00 -6.822996e-14 1.254533e+01 1.000000e-16 4.444189e-01 1.000000e-16 9.856442e-03 1.000000e-16 5.729289e-07 
-1.393498e-15 1.000000e+00 -7.205134e-15 2.715296e+00 -5.214292e-14 1.133812e+01 1.000000e-16 4.025982e-01 1.000000e-16 1.791986e-02 1.000000e-16 2.538519e-06 
-1.883786e-15 1.000000e+00 -1.274204e-14 3.020543e+00 -1.152767e-13 1.531206e+01 1.000000e-16 5.050382e-01 1.000000e-16 -8.380208e-04 1.000000e-16 5.297813e-07 
-1.567882e-15 1.000000e+00 -9.690728e-15 2.863831e+00 -7.627841e-14 1.311504e+01 1.000000e-16 4.603343e-01 1.000000e-16 6.922081e-03 1.000000e-16 4.669416e-07 
-1.496388e-15 1.000000e+00 -8.485557e-15 2.795486e+00 -6.463007e-14 1.226653e+01 1.000000e-16 4.358330e-01 1.000000e-16 1.146800e-02 1.000000e-16 1.350973e-06 
-1.547985e-15 1.000000e+00 -9.529888e-15 2.862604e+00 -7.445557e-14 1.309934e+01 1.000000e-16 4.599181e-01 1.000000e-16 6.998649e-03 1.000000e-16 3.348349e-07 
-1.623688e-15 1.000000e+00 -1.023695e-14 2.900438e+00 -8.224070e-14 1.359390e+01 1.000000e-16 4.721522e-01 1.000000e-16 4.797227e-03 1.000000e-16 4.829813e-07 
-1.794005e-15 1.000000e+00 -1.228391e-14 3.007319e+00 -1.102955e-13 1.510994e+01 1.000000e-16 5.018376e-01 1.000000e-16 -3.093830e-04 1.000000e-16 5.123546e-07 
-1.724965e-15 1.000000e+00 -1.147420e-14 2.971197e+00 -9.897793e-14 1.457565e+01 1.000000e-16 4.925742e-01 1.000000e-16 1.246356e-03 1.000000e-16 4.443774e-07 
-1.695978e-15 1.000000e+00 -1.096417e-14 2.938590e+00 -9.081705e-14 1.411325e+01 1.000000e-16 4.835585e-01 1.000000e-16 2.792212e-03 1.000000e-16 7.358414e-07 
-1.524285e-15 1.000000e+00 -8.711262e-15 2.809749e+00 -6.663163e-14 1.243914e+01 1.000000e-16 4.412032e-01 1.000000e-16 1.045957e-02 1.000000e-16 5.169094e-07 
-1.761947e-15 1.000000e+00 -1.129465e-14 2.953779e+00 -9.476191e-14 1.432645e+01 1.000000e-16 4.878373e-01 1.000000e-16 2.054715e-03 1.000000e-16 5.661310e-07 
-1.604947e-15 1.000000e+00 -1.045569e-14 2.927561e+00 -8.748982e-14 1.396097e+01 1.000000e-16 4.803460e-01 1.000000e-16 3.353667e-03 1.000000e-16 4.264685e-07 
-1.649336e-15 1.000000e+00 -1.102265e-14 2.948797e+00 -9.292854e-14 1.425628e+01 1.000000e-16 4.864355e-01 1.000000e-16 2.298043e-03 1.000000e-16 2.717583e-07 
-1.490478e-15 1.000000e+00 -9.001912e-15 2.823575e+00 -6.895466e-14 1.260835e+01 1.000000e-16 4.463156e-01 1.000000e-16 9.497863e-03 1.000000e-16 1.284390e-06 
-1.743587e-15 1.000000e+00 -1.063295e-14 2.929610e+00 -8.826654e-14 1.398917e+01 1.000000e-16 4.809437e-01 1.000000e-16 3.249769e-03 1.000000e-16 3.625691e-07 
-1.732255e-15 1.000000e+00 -1.068402e-14 2.923652e+00 -8.723027e-14 1.390753e+01 1.000000e-16 4.791807e-01 1.000000e-16 3.559790e-03 1.000000e-16 9.780442e-08 
-1.065942e-15 1.000000e+00 -3.841159e-15 2.489421e+00 -2.194007e-14 9.042041e+00 1.000000e-16 2.773429e-01 1.000000e-16 4.454272e-02 1.000000e-16 3.265951e-05 
-1.719726e-15 1.000000e+00 -1.107505e-14 2.951042e+00 -9.380074e-14 1.428785e+01 1.000000e-16 4.870696e-01 1.000000e-16 2.187772e-03 1.000000e-16 4.185068e-07 
-2.484853e-15 1.000000e+00 -6.302505e-14 3.172581e+00 -4.753357e-12 2.193036e+01 1.000000e-16 5.270277e-01 1.000000e-16 -4.287429e-03 1.000000e-16 3.492949e-07 
-1.522224e-15 1.000000e+00 -9.284822e-15 2.841676e+00 -7.187597e-14 1.283387e+01 1.000000e-16 4.527351e-01 1.000000e-16 8.315118e-03 1.000000e-16 1.864941e-07 
-1.092127e-15 1.000000e+00 -4.526696e-15 2.534911e+00 -2.771635e-14 9.472368e+00 1.000000e-16 3.063742e-01 1.000000e-16 3.822407e-02 1.000000e-16 -5.751877e-06 
-1.861094e-15 1.000000e+00 -1.247181e-14 3.009132e+00 -1.112691e-13 1.513713e+01 1.000000e-16 5.023003e-01 1.000000e-16 -3.890545e-04 1.000000e-16 9.051916e-07 
-1.678373e-15 1.000000e+00 -1.062767e-14 2.928906e+00 -8.792486e-14 1.397960e+01 1.000000e-16 4.807279e-01 1.000000e-16 3.289240e-03 1.000000e-16 1.035705e-07 
-1.567475e-15 1.000000e+00 -9.699252e-15 2.871924e+00 -7.639006e-14 1.321925e+01 1.000000e-16 4.630341e-01 1.000000e-16 6.430356e-03 1.000000e-16 7.799090e-07 
-1.798037e-15 1.000000e+00 -1.159665e-14 2.976334e+00 -1.007871e-13 1.465033e+01 1.000000e-16 4.939262e-01 1.000000e-16 1.019164e-03 1.000000e-16 1.608524e-07 
-1.429000e-15 1.000000e+00 -7.493819e-15 2.732662e+00 -5.474755e-14 1.153374e+01 1.000000e-16 4.101920e-01 1.000000e-16 1.642799e-02 1.000000e-16 6.851971e-07 
-1.868633e-15 1.000000e+00 -1.270410e-14 3.030372e+00 -1.185466e-13 1.546505e+01 1.000000e-16 5.073372e-01 1.000000e-16 -1.212456e-03 1.000000e-16 2.414959e-07 
-1.509806e-15 1.000000e+00 -7.788956e-15 2.741895e+00 -5.613812e-14 1.163890e+01 1.000000e-16 4.141454e-01 1.000000e-16 1.565362e-02 1.000000e-16 3.833116e-07 
-4.549359e-15 1.000000e+00 -2.593923e-13 3.372507e+00 -2.380043e-11 4.193895e+01 1.000000e-16 5.293476e-01 1.000000e-16 -4.489236e-03 1.000000e-16 3.884499e-07 
-1.700254e-15 1.000000e+00 -1.111507e-14 2.958680e+00 -9.586338e-14 1.439608e+01 1.000000e-16 4.891857e-01 1.000000e-16 1.824189e-03 1.000000e-16 4.606196e-07 
-1.667128e-15 1.000000e+00 -1.064764e-14 2.923046e+00 -8.714832e-14 1.389918e+01 1.000000e-16 4.790071e-01 1.000000e-16 3.589160e-03 1.000000e-16 2.487869e-07 
-1.767728e-15 1.000000e+00 -1.186045e-14 2.995287e+00 -1.062688e-13 1.492941e+01 1.000000e-16 4.988233e-01 1.000000e-16 1.950906e-04 1.000000e-16 1.787690e-07 
-1.808376e-15 1.000000e+00 -1.179633e-14 2.979511e+00 -1.016976e-13 1.469662e+01 1.000000e-16 4.947634e-01 1.000000e-16 8.772628e-04 1.000000e-16 2.024742e-07 
-1.740177e-15 1.000000e+00 -1.155059e-14 2.980825e+00 -1.019627e-13 1.471570e+01 1.000000e-16 4.951158e-01 1.000000e-16 8.162786e-04 1.000000e-16 4.031141e-07 
-1.758240e-15 1.000000e+00 -1.113643e-14 2.954102e+00 -9.456756e-14 1.433107e+01 1.000000e-16 4.879223e-01 1.000000e-16 2.040915e-03 1.000000e-16 4.549191e-07 
-1.861424e-15 1.000000e+00 -1.274943e-14 3.027235e+00 -1.172428e-13 1.541534e+01 1.000000e-16 5.066442e-01 1.000000e-16 -1.105454e-03 1.000000e-16 1.053207e-06 
-1.632192e-15 1.000000e+00 -9.563650e-15 2.864127e+00 -7.579388e-14 1.311876e+01 1.000000e-16 4.604421e-01 1.000000e-16 6.900771e-03 1.000000e-16 7.246181e-07 
-1.662822e-15 1.000000e+00 -1.048162e-14 2.922355e+00 -8.654483e-14 1.388968e+01 1.000000e-16 4.788074e-01 1.000000e-16 3.623186e-03 1.000000e-16 3.864191e-07 
-1.479020e-15 1.000000e+00 -8.892194e-15 2.818361e+00 -6.797847e-14 1.254432e+01 1.000000e-16 4.443995e-01 1.000000e-16 9.858300e-03 1.000000e-16 8.511609e-07 
-1.863533e-15 1.000000e+00 -1.238047e-14 3.011713e+00 -1.122714e-13 1.517678e+01 1.000000e-16 5.029063e-01 1.000000e-16 -4.854464e-04 1.000000e-16 3.894465e-07 
-1.476774e-15 1.000000e+00 -8.858310e-15 2.817429e+00 -6.768976e-14 1.253279e+01 1.000000e-16 4.440684e-01 1.000000e-16 9.917924e-03 1.000000e-16 1.211031e-06 
-1.601727e-15 1.000000e+00 -1.050976e-14 2.921957e+00 -8.674180e-14 1.388424e+01 1.000000e-16 4.786893e-01 1.000000e-16 3.643839e-03 1.000000e-16 3.945571e-07 
-1.772926e-15 1.000000e+00 -1.133102e-14 2.963798e+00 -9.731639e-14 1.446935e+01 1.000000e-16 4.905699e-01 1.000000e-16 1.589817e-03 1.000000e-16 1.451717e-07 
-1.606295e-15 1.000000e+00 -9.880581e-15 2.888834e+00 -7.983732e-14 1.344002e+01 1.000000e-16 4.685111e-01 1.000000e-16 5.444848e-03 1.000000e-16 7.533187e-07 
-1.571096e-15 1.000000e+00 -9.157574e-15 2.832626e+00 -7.064813e-14 1.272074e+01 1.000000e-16 4.495395e-01 1.000000e-16 8.905293e-03 1.000000e-16 2.566964e-07 
-1.213630e-15 1.000000e+00 -4.998862e-15 2.568940e+00 -3.140870e-14 9.802696e+00 1.000000e-16 3.272540e-01 1.000000e-16 3.359798e-02 1.000000e-16 4.203673e-06 
-1.576030e-15 1.000000e+00 -9.611299e-15 2.873708e+00 -7.703649e-14 1.324255e+01 1.000000e-16 4.635993e-01 1.000000e-16 6.332305e-03 1.000000e-16 1.578893e-07 
-1.702931e-15 1.000000e+00 -1.090901e-14 2.943324e+00 -9.180216e-14 1.417957e+01 1.000000e-16 4.848855e-01 1.000000e-16 2.566636e-03 1.000000e-16 1.320649e-07 
-1.666960e-15 1.000000e+00 -1.001114e-14 2.889064e+00 -7.961655e-14 1.344316e+01 1.000000e-16 4.685723e-01 1.000000e-16 5.436180e-03 1.000000e-16 4.165469e-07 
-1.917660e-15 1.000000e+00 -1.395128e-14 3.071749e+00 -1.371601e-13 1.613266e+01 1.000000e-16 5.165445e-01 1.000000e-16 -2.706801e-03 1.000000e-16 1.750693e-06 
-1.634820e-15 1.000000e+00 -1.018204e-14 2.906886e+00 -8.292759e-14 1.368029e+01 1.000000e-16 4.741330e-01 1.000000e-16 4.447787e-03 1.000000e-16 2.101634e-07 
-1.558384e-15 1.000000e+00 -9.609138e-15 2.859640e+00 -7.523953e-14 1.306146e+01 1.000000e-16 4.589119e-01 1.000000e-16 7.183419e-03 1.000000e-16 1.051301e-07 
-1.590127e-15 1.000000e+00 -9.285646e-15 2.841921e+00 -7.213376e-14 1.283682e+01 1.000000e-16 4.528371e-01 1.000000e-16 8.293179e-03 1.000000e-16 6.705656e-07 
-1.607638e-15 1.000000e+00 -9.928417e-15 2.891613e+00 -8.009804e-14 1.347685e+01 1.000000e-16 4.693750e-01 1.000000e-16 5.293812e-03 1.000000e-16 2.406251e-07 
-1.649019e-15 1.000000e+00 -1.030820e-14 2.911548e+00 -8.422113e-14 1.374307e+01 1.000000e-16 4.755516e-01 1.000000e-16 4.197768e-03 1.000000e-16 1.074745e-07 
-1.782200e-15 1.000000e+00 -1.219016e-14 3.002962e+00 -1.086710e-13 1.504417e+01 1.000000e-16 5.007593e-01 1.000000e-16 -1.299939e-04 1.000000e-16 4.738803e-07 
-1.708022e-15 1.000000e+00 -1.105515e-14 2.945198e+00 -9.233445e-14 1.420556e+01 1.000000e-16 4.854369e-01 1.000000e-16 2.467680e-03 1.000000e-16 6.445820e-07 
-1.690999e-15 1.000000e+00 -1.075685e-14 2.936851e+00 -8.980127e-14 1.408925e+01 1.000000e-16 4.830459e-01 1.000000e-16 2.883536e-03 1.000000e-16 4.045913e-07 
-1.528895e-15 1.000000e+00 -9.355545e-15 2.843964e+00 -7.249691e-14 1.286245e+01 1.000000e-16 4.535572e-01 1.000000e-16 8.159259e-03 1.000000e-16 8.680026e-07 
-1.699354e-15 1.000000e+00 -1.021210e-14 2.906736e+00 -8.342778e-14 1.367826e+01 1.000000e-16 4.740870e-01 1.000000e-16 4.455880e-03 1.000000e-16 2.173032e-07 
-1.623717e-15 1.000000e+00 -9.948044e-15 2.900459e+00 -8.174043e-14 1.359428e+01 1.000000e-16 4.721492e-01 1.000000e-16 4.799543e-03 1.000000e-16 2.223721e-07 
-1.752075e-15 1.000000e+00 -1.167553e-14 2.985806e+00 -1.030682e-13 1.478899e+01 1.000000e-16 4.963982e-01 1.000000e-16 6.021946e-04 1.000000e-16 1.281769e-07 
-1.569166e-15 1.000000e+00 -9.223427e-15 2.832624e+00 -7.064471e-14 1.272062e+01 1.000000e-16 4.495504e-01 1.000000e-16 8.900935e-03 1.000000e-16 6.181681e-07 
-1.656369e-15 1.000000e+00 -1.054576e-14 2.917832e+00 -8.573718e-14 1.382820e+01 1.000000e-16 4.774460e-01 1.000000e-16 3.864383e-03 1.000000e-16 6.606036e-08 
-1.714924e-15 1.000000e+00 -1.119268e-14 2.949689e+00 -9.332695e-14 1.426881e+01 1.000000e-16 4.866876e-01 1.000000e-16 2.254189e-03 1.000000e-16 3.280007e-07 
-1.548388e-15 1.000000e+00 -8.927024e-15 2.828606e+00 -6.820411e-14 1.267068e+01 1.000000e-16 4.481178e-01 1.000000e-16 9.165619e-03 1.000000e-16 7.987085e-07 
-1.936966e-15 1.000000e+00 -1.358510e-14 3.063515e+00 -1.332390e-13 1.599763e+01 1.000000e-16 5.147252e-01 1.000000e-16 -2.405228e-03 1.000000e-16 2.442077e-07 
-1.817288e-15 1.000000e+00 -1.259749e-14 3.019629e+00 -1.147391e-13 1.529804e+01 1.000000e-16 5.048161e-01 1.000000e-16 -8.008176e-04 1.000000e-16 4.410595e-07 
-1.048603e-15 1.000000e+00 -3.387520e-15 2.441489e+00 -1.763803e-14 8.608548e+00 1.000000e-16 2.425920e-01 1.000000e-16 5.269053e-02 1.000000e-16 4.694638e-06 
-1.020529e-15 1.000000e+00 -2.717761e-15 2.331746e+00 -9.809093e-15 7.668860e+00 1.000000e-16 1.541373e-01 1.000000e-16 7.331124e-02 1.000000e-16 1.728321e-04 
-1.030401e-15 1.000000e+00 -2.946418e-15 2.389263e+00 -1.302457e-14 8.151736e+00 1.000000e-16 2.024099e-01 1.000000e-16 6.201037e-02 1.000000e-16 5.201077e-05 
-1.011621e-15 1.000000e+00 -2.451145e-15 2.261021e+00 -7.153469e-15 7.105358e+00 1.000000e-16 8.646580e-02 1.000000e-16 8.990075e-02 1.000000e-16 3.283567e-04 
-1.447553e-15 1.000000e+00 -7.279903e-15 2.712606e+00 -5.199544e-14 1.130839e+01 1.000000e-16 4.013396e-01 1.000000e-16 1.818189e-02 1.000000e-16 5.835352e-07 
-1.255133e-15 1.000000e+00 -5.703494e-15 2.620764e+00 -3.845345e-14 1.032507e+01 1.000000e-16 3.562600e-01 1.000000e-16 2.741796e-02 1.000000e-16 9.045306e-07 
-1.044623e-15 1.000000e+00 -2.398924e-15 2.081135e+00 -5.297020e-15 5.810893e+00 1.000000e-16 -1.420875e-01 1.000000e-16 1.530280e-01 1.000000e-16 2.950662e-04 
-1.071294e-15 1.000000e+00 -4.005437e-15 2.492720e+00 -2.259475e-14 9.073969e+00 1.000000e-16 2.790412e-01 1.000000e-16 4.430056e-02 1.000000e-16 3.711964e-06 
-1.074577e-15 1.000000e+00 -2.484440e-15 2.127068e+00 -5.632222e-15 6.126736e+00 1.000000e-16 -7.834078e-02 1.000000e-16 1.356319e-01 1.000000e-16 7.313720e-05 
-1.235471e-15 1.000000e+00 -5.181821e-15 2.580322e+00 -3.326608e-14 9.915701e+00 1.000000e-16 3.338104e-01 1.000000e-16 3.219862e-02 1.000000e-16 8.062544e-07 
-1.038180e-15 1.000000e+00 -3.746913e-15 2.472348e+00 -2.041344e-14 8.886415e+00 1.000000e-16 2.650469e-01 1.000000e-16 4.746968e-02 1.000000e-16 8.627011e-06 
-1.157310e-15 1.000000e+00 -4.558914e-15 2.537391e+00 -2.826531e-14 9.495698e+00 1.000000e-16 3.080903e-01 1.000000e-16 3.780293e-02 1.000000e-16 2.391425e-06 
-1.137265e-15 1.000000e+00 -4.882862e-15 2.557966e+00 -3.074506e-14 9.694288e+00 1.000000e-16 3.209480e-01 1.000000e-16 3.491512e-02 1.000000e-16 1.473799e-05 
-9.418943e-16 1.000000e+00 -2.257504e-15 2.241682e+00 -6.522218e-15 6.954719e+00 1.000000e-16 6.798800e-02 1.000000e-16 9.399368e-02 1.000000e-16 5.082502e-04 
-1.487214e-15 1.000000e+00 -8.396265e-15 2.790897e+00 -6.373238e-14 1.221096e+01 1.000000e-16 4.341525e-01 1.000000e-16 1.176886e-02 1.000000e-16 4.261378e-06 
-1.105926e-15 1.000000e+00 -4.622358e-15 2.547565e+00 -2.827010e-14 9.593843e+00 1.000000e-16 3.143941e-01 1.000000e-16 3.641100e-02 1.000000e-16 3.026954e-06 
-1.192200e-15 1.000000e+00 -4.832698e-15 2.558816e+00 -3.034258e-14 9.703450e+00 1.000000e-16 3.211868e-01 1.000000e-16 3.493068e-02 1.000000e-16 1.745872e-06 
-1.131979e-15 1.000000e+00 -4.712249e-15 2.558790e+00 -3.034249e-14 9.703157e+00 1.000000e-16 3.211835e-01 1.000000e-16 3.492832e-02 1.000000e-16 2.334835e-06 
-1.043101e-15 1.000000e+00 -3.149923e-15 2.398559e+00 -1.421664e-14 8.232509e+00 1.000000e-16 2.094028e-01 1.000000e-16 6.049735e-02 1.000000e-16 1.555924e-05 
-1.206240e-15 1.000000e+00 -4.823008e-15 2.565766e+00 -3.127369e-14 9.771498e+00 1.000000e-16 3.253623e-01 1.000000e-16 3.401309e-02 1.000000e-16 3.359615e-06 
-1.083328e-15 1.000000e+00 -4.103280e-15 2.496832e+00 -2.318642e-14 9.112020e+00 1.000000e-16 2.818689e-01 1.000000e-16 4.364708e-02 1.000000e-16 6.300782e-06 
-1.308058e-15 1.000000e+00 -5.769425e-15 2.612246e+00 -3.814275e-14 1.023762e+01 1.000000e-16 3.516928e-01 1.000000e-16 2.837612e-02 1.000000e-16 1.835827e-06 
-1.011811e-15 1.000000e+00 -2.243165e-15 2.106761e+00 -5.043512e-15 5.981519e+00 1.000000e-16 -1.002919e-01 1.000000e-16 1.396146e-01 1.000000e-16 6.699917e-04 
-1.013709e-15 1.000000e+00 -2.466774e-15 2.263015e+00 -7.069587e-15 7.123487e+00 1.000000e-16 8.634698e-02 1.000000e-16 9.061605e-02 1.000000e-16 1.648117e-04 
-1.036997e-15 1.000000e+00 -2.264134e-15 1.999423e+00 -5.296467e-15 5.278131e+00 1.000000e-16 -2.740089e-01 1.000000e-16 1.912583e-01 1.000000e-16 5.807919e-04 
-1.328266e-15 1.000000e+00 -6.797651e-15 2.684471e+00 -4.786268e-14 1.099352e+01 1.000000e-16 3.894922e-01 1.000000e-16 2.030064e-02 1.000000e-16 4.593075e-05 
-1.354925e-15 1.000000e+00 -6.515693e-15 2.667932e+00 -4.525279e-14 1.082038e+01 1.000000e-16 3.803895e-01 1.000000e-16 2.241009e-02 1.000000e-16 1.026164e-06 
-1.055959e-15 1.000000e+00 -2.705330e-15 2.310797e+00 -8.867535e-15 7.500910e+00 1.000000e-16 1.334741e-01 1.000000e-16 7.878817e-02 1.000000e-16 1.066094e-04 
-9.914953e-16 1.000000e+00 -3.391733e-15 2.442118e+00 -1.717604e-14 8.614106e+00 1.000000e-16 2.430787e-01 1.000000e-16 5.257203e-02 1.000000e-16 5.694874e-06 
-1.295574e-15 1.000000e+00 -6.018424e-15 2.644268e+00 -4.130052e-14 1.056946e+01 1.000000e-16 3.685351e-01 1.000000e-16 2.485634e-02 1.000000e-16 3.569716e-07 
-1.244583e-15 1.000000e+00 -5.737158e-15 2.610295e+00 -3.776172e-14 1.021767e+01 1.000000e-16 3.506364e-01 1.000000e-16 2.859838e-02 1.000000e-16 2.062601e-06 
-1.028310e-15 1.000000e+00 -3.676295e-15 2.466311e+00 -1.975262e-14 8.831328e+00 1.000000e-16 2.608383e-01 1.000000e-16 4.841891e-02 1.000000e-16 1.243685e-05 
-1.063342e-15 1.000000e+00 -3.945300e-15 2.490187e+00 -2.206375e-14 9.050638e+00 1.000000e-16 2.772671e-01 1.000000e-16 4.471675e-02 1.000000e-16 9.862007e-07 
-9.984525e-16 1.000000e+00 -2.589112e-15 2.308410e+00 -8.607066e-15 7.483963e+00 1.000000e-16 1.296568e-01 1.000000e-16 8.020738e-02 1.000000e-16 1.791888e-06 
-1.055599e-15 1.000000e+00 -2.949378e-15 2.363998e+00 -1.164058e-14 7.935286e+00 1.000000e-16 1.827932e-01 1.000000e-16 6.628006e-02 1.000000e-16 1.610918e-04 
-1.189006e-15 1.000000e+00 -5.158104e-15 2.587595e+00 -3.390727e-14 9.988316e+00 1.000000e-16 3.379722e-01 1.000000e-16 3.130410e-02 1.000000e-16 7.713209e-07 
-1.309057e-15 1.000000e+00 -6.124739e-15 2.645781e+00 -4.190323e-14 1.058514e+01 1.000000e-16 3.693628e-01 1.000000e-16 2.467192e-02 1.000000e-16 2.649895e-06 
-1.011760e-15 1.000000e+00 -3.220231e-15 2.418337e+00 -1.507356e-14 8.402231e+00 1.000000e-16 2.259829e-01 1.000000e-16 5.630758e-02 1.000000e-16 6.647870e-05 
-1.208400e-15 1.000000e+00 -5.443350e-15 2.600198e+00 -3.519409e-14 1.011513e+01 1.000000e-16 3.450676e-01 1.000000e-16 2.978411e-02 1.000000e-16 1.425178e-06 
-1.072108e-15 1.000000e+00 -2.764511e-15 2.334144e+00 -9.399008e-15 7.666105e+00 1.000000e-16 1.711947e-01 1.000000e-16 6.466951e-02 1.000000e-16 1.170060e-03 
-1.237412e-15 1.000000e+00 -5.072031e-15 2.577765e+00 -3.323591e-14 9.890173e+00 1.000000e-16 3.323649e-01 1.000000e-16 3.250258e-02 1.000000e-16 2.258997e-06 
-1.161839e-15 1.000000e+00 -4.605934e-15 2.540248e+00 -2.815576e-14 9.523131e+00 1.000000e-16 3.098858e-01 1.000000e-16 3.740217e-02 1.000000e-16 3.242062e-06 
-1.088468e-15 1.000000e+00 -4.137833e-15 2.501842e+00 -2.344900e-14 9.158938e+00 1.000000e-16 2.851411e-01 1.000000e-16 4.292985e-02 1.000000e-16 1.872422e-06 
-1.184444e-15 1.000000e+00 -4.768887e-15 2.554372e+00 -2.978352e-14 9.659972e+00 1.000000e-16 3.185414e-01 1.000000e-16 3.550087e-02 1.000000e-16 3.234694e-06 
-1.080735e-15 1.000000e+00 -2.375537e-15 2.211612e+00 -6.322228e-15 6.733007e+00 1.000000e-16 3.043540e-02 1.000000e-16 1.050873e-01 1.000000e-16 2.346723e-04 
-1.246101e-15 1.000000e+00 -5.257389e-15 2.582046e+00 -3.374175e-14 9.932655e+00 1.000000e-16 3.348673e-01 1.000000e-16 3.195513e-02 1.000000e-16 3.807811e-06 
-9.604373e-16 1.000000e+00 -2.116631e-15 2.027703e+00 -5.033725e-15 5.460811e+00 1.000000e-16 -2.294631e-01 1.000000e-16 1.795135e-01 1.000000e-16 8.929617e-05 
-1.017017e-15 1.000000e+00 -2.459933e-15 2.269940e+00 -7.149692e-15 7.163503e+00 1.000000e-16 1.045342e-01 1.000000e-16 8.253067e-02 1.000000e-16 9.672386e-04 
-1.246032e-15 1.000000e+00 -5.743916e-15 2.615023e+00 -3.805185e-14 1.026588e+01 1.000000e-16 3.532365e-01 1.000000e-16 2.804056e-02 1.000000e-16 3.574912e-06 
-1.400217e-15 1.000000e+00 -7.275791e-15 2.712610e+00 -5.258305e-14 1.130835e+01 1.000000e-16 4.013580e-01 1.000000e-16 1.817456e-02 1.000000e-16 1.210365e-06 
-1.181514e-15 1.000000e+00 -5.105454e-15 2.580936e+00 -3.349767e-14 9.921701e+00 1.000000e-16 3.341973e-01 1.000000e-16 3.210711e-02 1.000000e-16 2.348078e-06 
-1.142139e-15 1.000000e+00 -4.552886e-15 2.535121e+00 -2.696762e-14 9.473829e+00 1.000000e-16 3.066937e-01 1.000000e-16 3.810570e-02 1.000000e-16 3.560790e-06 
-1.006429e-15 1.000000e+00 -2.780431e-15 2.368681e+00 -1.192013e-14 7.978637e+00 1.000000e-16 1.844296e-01 1.000000e-16 6.656622e-02 1.000000e-16 9.279749e-06 
-1.214023e-15 1.000000e+00 -5.000431e-15 2.567924e+00 -3.153450e-14 9.785642e+00 1.000000e-16 3.288552e-01 1.000000e-16 3.270529e-02 1.000000e-16 1.081655e-04 
-1.387894e-15 1.000000e+00 -6.780303e-15 2.683804e+00 -4.760532e-14 1.099115e+01 1.000000e-16 3.881313e-01 1.000000e-16 2.081293e-02 1.000000e-16 4.640323e-06 
-1.055591e-15 1.000000e+00 -2.846184e-15 2.362334e+00 -1.150926e-14 7.925591e+00 1.000000e-16 1.788676e-01 1.000000e-16 6.795331e-02 1.000000e-16 3.177603e-06 
-1.046572e-15 1.000000e+00 -2.889039e-15 2.355771e+00 -1.116753e-14 7.867244e+00 1.000000e-16 1.753103e-01 1.000000e-16 6.820138e-02 1.000000e-16 1.421937e-04 
-1.218947e-15 1.000000e+00 -5.407699e-15 2.598513e+00 -3.612036e-14 1.009777e+01 1.000000e-16 3.442222e-01 1.000000e-16 2.994213e-02 1.000000e-16 5.537173e-06 
-9.698410e-16 1.000000e+00 -2.272761e-15 2.122228e+00 -4.790706e-15 6.093288e+00 1.000000e-16 -8.525277e-02 1.000000e-16 1.376630e-01 1.000000e-16 5.188440e-05 
-9.936625e-16 1.000000e+00 -2.246407e-15 2.160131e+00 -5.562914e-15 6.358132e+00 1.000000e-16 -3.242731e-02 1.000000e-16 1.221602e-01 1.000000e-16 2.444772e-04 
-1.254009e-15 1.000000e+00 -5.706944e-15 2.623796e+00 -3.847919e-14 1.035850e+01 1.000000e-16 3.573085e-01 1.000000e-16 2.733176e-02 1.000000e-16 -2.363181e-05 
-9.748813e-16 1.000000e+00 -2.845693e-15 2.389702e+00 -1.290564e-14 8.157016e+00 1.000000e-16 2.019433e-01 1.000000e-16 6.235572e-02 1.000000e-16 1.369476e-06 
-9.144504e-16 1.000000e+00 -2.412029e-15 2.276002e+00 -7.252925e-15 7.225049e+00 1.000000e-16 9.930314e-02 1.000000e-16 8.742072e-02 1.000000e-16 1.272125e-04 
-1.171750e-15 1.000000e+00 -5.161264e-15 2.575881e+00 -3.311050e-14 9.871563e+00 1.000000e-16 3.312447e-01 1.000000e-16 3.275114e-02 1.000000e-16 9.867269e-07 
-1.019900e-15 1.000000e+00 -2.718904e-15 2.330482e+00 -9.828063e-15 7.660666e+00 1.000000e-16 1.515975e-01 1.000000e-16 7.434832e-02 1.000000e-16 8.126347e-05 
-1.305456e-15 1.000000e+00 -6.116342e-15 2.640071e+00 -4.208788e-14 1.052527e+01 1.000000e-16 3.664328e-01 1.000000e-16 2.528082e-02 1.000000e-16 2.559436e-06 
-1.385650e-15 1.000000e+00 -8.090165e-15 2.772511e+00 -6.046708e-14 1.199201e+01 1.000000e-16 4.270700e-01 1.000000e-16 1.308798e-02 1.000000e-16 9.919689e-06 
-1.029679e-15 1.000000e+00 -2.392061e-15 2.213756e+00 -6.462778e-15 6.751930e+00 1.000000e-16 3.012042e-02 1.000000e-16 1.060620e-01 1.000000e-16 1.426241e-05 
-1.144590e-15 1.000000e+00 -4.934593e-15 2.564428e+00 -3.090450e-14 9.758454e+00 1.000000e-16 3.245376e-01 1.000000e-16 3.420026e-02 1.000000e-16 1.851977e-06 
-1.147366e-15 1.000000e+00 -4.602702e-15 2.534562e+00 -2.736773e-14 9.468632e+00 1.000000e-16 3.062865e-01 1.000000e-16 3.821017e-02 1.000000e-16 7.565076e-07 
-1.001125e-15 1.000000e+00 -2.851755e-15 2.365852e+00 -1.155921e-14 7.950401e+00 1.000000e-16 1.846230e-01 1.000000e-16 6.576775e-02 1.000000e-16 1.754006e-04 
-1.307616e-15 1.000000e+00 -6.117814e-15 2.641108e+00 -4.185292e-14 1.053628e+01 1.000000e-16 3.669287e-01 1.000000e-16 2.518661e-02 1.000000e-16 9.538066e-07 
-1.154646e-15 1.000000e+00 -5.015552e-15 2.570546e+00 -3.165550e-14 9.818561e+00 1.000000e-16 3.281945e-01 1.000000e-16 3.339507e-02 1.000000e-16 4.020282e-06 
-1.033198e-15 1.000000e+00 -2.173434e-15 2.064629e+00 -5.209297e-15 5.702449e+00 1.000000e-16 -1.699028e-01 1.000000e-16 1.619981e-01 1.000000e-16 5.673774e-05 
-1.468865e-15 1.000000e+00 -7.836476e-15 2.744978e+00 -5.765500e-14 1.167366e+01 1.000000e-16 4.155427e-01 1.000000e-16 1.536087e-02 1.000000e-16 3.618885e-06 
-1.330246e-15 1.000000e+00 -6.310208e-15 2.660401e+00 -4.349382e-14 1.073987e+01 1.000000e-16 3.766994e-01 1.000000e-16 2.316200e-02 1.000000e-16 1.866972e-06 
-1.250142e-15 1.000000e+00 -6.148878e-15 2.642004e+00 -4.234620e-14 1.054553e+01 1.000000e-16 3.674200e-01 1.000000e-16 2.507731e-02 1.000000e-16 2.252173e-06 
-1.211536e-15 1.000000e+00 -4.986689e-15 2.565283e+00 -3.173560e-14 9.766911e+00 1.000000e-16 3.250276e-01 1.000000e-16 3.409794e-02 1.000000e-16 1.046525e-06 
-1.051215e-15 1.000000e+00 -2.416464e-15 2.091067e+00 -5.356476e-15 5.877686e+00 1.000000e-16 -1.270608e-01 1.000000e-16 1.486256e-01 1.000000e-16 3.112645e-04 
-1.123536e-15 1.000000e+00 -4.298230e-15 2.519101e+00 -2.604857e-14 9.321329e+00 1.000000e-16 2.964362e-01 1.000000e-16 4.040239e-02 1.000000e-16 2.986204e-07 
-1.014506e-15 1.000000e+00 -2.429312e-15 2.192678e+00 -6.005083e-15 6.594669e+00 1.000000e-16 6.787644e-03 1.000000e-16 1.118579e-01 1.000000e-16 1.352342e-04 
-1.021986e-15 1.000000e+00 -2.508691e-15 2.273714e+00 -7.585410e-15 7.206535e+00 1.000000e-16 9.746943e-02 1.000000e-16 8.773663e-02 1.000000e-16 1.644120e-04 
-1.036057e-15 1.000000e+00 -2.557073e-15 2.294129e+00 -7.840749e-15 7.350054e+00 1.000000e-16 1.306642e-01 1.000000e-16 7.541904e-02 1.000000e-16 1.056402e-03 
-1.173870e-15 1.000000e+00 -5.166598e-15 2.579847e+00 -3.301996e-14 9.910866e+00 1.000000e-16 3.335683e-01 1.000000e-16 3.224299e-02 1.000000e-16 2.277724e-06 
-1.068093e-15 1.000000e+00 -3.985872e-15 2.488279e+00 -2.215751e-14 9.032961e+00 1.000000e-16 2.759775e-01 1.000000e-16 4.500637e-02 1.000000e-16 1.687165e-06 
-1.033091e-15 1.000000e+00 -2.806705e-15 2.342202e+00 -1.054836e-14 7.758503e+00 1.000000e-16 1.611087e-01 1.000000e-16 7.232307e-02 1.000000e-16 4.329234e-06 
-1.246246e-15 1.000000e+00 -5.759677e-15 2.615729e+00 -3.817678e-14 1.027311e+01 1.000000e-16 3.536191e-01 1.000000e-16 2.795945e-02 1.000000e-16 3.639141e-06 
-1.059221e-15 1.000000e+00 -2.436736e-15 2.102192e+00 -5.015568e-15 5.950534e+00 1.000000e-16 -1.071291e-01 1.000000e-16 1.416499e-01 1.000000e-16 6.485886e-04 
-9.811067e-16 1.000000e+00 -2.572739e-15 2.292585e+00 -7.998356e-15 7.345574e+00 1.000000e-16 1.233155e-01 1.000000e-16 7.906134e-02 1.000000e-16 6.432333e-04 
-1.156461e-15 1.000000e+00 -4.671706e-15 2.541315e+00 -2.795494e-14 9.527489e+00 1.000000e-16 3.125606e-01 1.000000e-16 3.630406e-02 1.000000e-16 1.021335e-04 
-1.219399e-15 1.000000e+00 -5.044152e-15 2.575710e+00 -3.181511e-14 9.869836e+00 1.000000e-16 3.311567e-01 1.000000e-16 3.276743e-02 1.000000e-16 1.502057e-06 
-1.181764e-15 1.000000e+00 -4.615766e-15 2.557412e+00 -2.920331e-14 9.671976e+00 1.000000e-16 3.261394e-01 1.000000e-16 3.239629e-02 1.000000e-16 2.811985e-04 
-1.068305e-15 1.000000e+00 -4.333656e-15 2.524492e+00 -2.584202e-14 9.372321e+00 1.000000e-16 2.999620e-01 1.000000e-16 3.960044e-02 1.000000e-16 3.413057e-06 
-1.270235e-15 1.000000e+00 -5.954403e-15 2.627842e+00 -3.983428e-14 1.039793e+01 1.000000e-16 3.600687e-01 1.000000e-16 2.660620e-02 1.000000e-16 3.125644e-06 
-1.215947e-15 1.000000e+00 -5.022789e-15 2.570503e+00 -3.201348e-14 9.818142e+00 1.000000e-16 3.281671e-01 1.000000e-16 3.340151e-02 1.000000e-16 3.924134e-06 
-1.264816e-15 1.000000e+00 -5.406679e-15 2.594866e+00 -3.515408e-14 1.006131e+01 1.000000e-16 3.420878e-01 1.000000e-16 3.042067e-02 1.000000e-16 1.228355e-06 
-1.263351e-15 1.000000e+00 -5.382808e-15 2.598413e+00 -3.495496e-14 1.009533e+01 1.000000e-16 3.445681e-01 1.000000e-16 2.977130e-02 1.000000e-16 2.363057e-05 
-1.036246e-15 1.000000e+00 -2.589887e-15 2.290124e+00 -8.189642e-15 7.335626e+00 1.000000e-16 1.138034e-01 1.000000e-16 8.362771e-02 1.000000e-16 1.436351e-04 
-8.924260e-16 1.000000e+00 -2.120941e-15 2.356593e+00 -5.361358e-15 7.684344e+00 1.000000e-16 3.177473e-01 1.000000e-16 -1.074177e-02 1.000000e-16 1.010195e-02 
-9.833668e-16 1.000000e+00 -2.588753e-15 2.294821e+00 -7.903092e-15 7.364386e+00 1.000000e-16 1.246494e-01 1.000000e-16 7.899326e-02 1.000000e-16 5.793557e-04 
-1.154251e-15 1.000000e+00 -4.521252e-15 2.541915e+00 -2.765601e-14 9.538912e+00 1.000000e-16 3.110158e-01 1.000000e-16 3.712870e-02 1.000000e-16 7.974213e-06 
-9.683632e-16 1.000000e+00 -2.267576e-15 2.120101e+00 -5.168667e-15 6.078704e+00 1.000000e-16 -8.840969e-02 1.000000e-16 1.386247e-01 1.000000e-16 3.362633e-05 
-9.683632e-16 1.000000e+00 -2.267576e-15 2.120101e+00 -5.168667e-15 6.078704e+00 1.000000e-16 -8.840969e-02 1.000000e-16 1.386247e-01 1.000000e-16 3.362633e-05 
-1.023814e-15 1.000000e+00 -2.367004e-15 2.205467e+00 -5.875206e-15 6.690480e+00 1.000000e-16 2.037376e-02 1.000000e-16 1.087093e-01 1.000000e-16 5.820209e-06 
-1.004998e-15 1.000000e+00 -2.591284e-15 2.321428e+00 -8.729785e-15 7.567943e+00 1.000000e-16 1.563424e-01 1.000000e-16 6.923538e-02 1.000000e-16 9.781509e-04 
-1.005126e-15 1.000000e+00 -2.288424e-15 2.178614e+00 -5.801291e-15 6.492809e+00 1.000000e-16 -1.099512e-02 1.000000e-16 1.168933e-01 1.000000e-16 8.544476e-05 
-1.009822e-15 1.000000e+00 -2.450216e-15 2.257704e+00 -7.182330e-15 7.084660e+00 1.000000e-16 7.899278e-02 1.000000e-16 9.306901e-02 1.000000e-16 3.588436e-05 
-1.114387e-15 1.000000e+00 -2.547170e-15 1.803333e+00 -5.731142e-15 4.134628e+00 1.000000e-16 -7.126209e-01 1.000000e-16 3.326900e-01 1.000000e-16 1.025396e-03 
-9.975997e-16 1.000000e+00 -2.902333e-15 2.371245e+00 -1.090611e-14 7.971522e+00 1.000000e-16 2.036023e-01 1.000000e-16 5.700399e-02 1.000000e-16 1.089582e-03 
-1.109078e-15 1.000000e+00 -3.722572e-15 2.479512e+00 -2.096165e-14 8.952135e+00 1.000000e-16 2.699832e-01 1.000000e-16 4.635970e-02 1.000000e-16 4.389439e-06 
-1.114981e-15 1.000000e+00 -4.350803e-15 2.517450e+00 -2.522421e-14 9.305135e+00 1.000000e-16 2.955750e-01 1.000000e-16 4.054178e-02 1.000000e-16 1.078763e-05 
-1.129583e-15 1.000000e+00 -4.808390e-15 2.556864e+00 -2.985339e-14 9.684342e+00 1.000000e-16 3.200252e-01 1.000000e-16 3.518148e-02 1.000000e-16 2.281003e-06 
-1.088627e-15 1.000000e+00 -2.359121e-15 1.948788e+00 -5.447768e-15 4.967661e+00 1.000000e-16 -3.741960e-01 1.000000e-16 2.238479e-01 1.000000e-16 1.162149e-04 
-1.466610e-15 1.000000e+00 -8.231914e-15 2.780496e+00 -6.167922e-14 1.208725e+01 1.000000e-16 4.300834e-01 1.000000e-16 1.254513e-02 1.000000e-16 4.226825e-06 
-1.342493e-15 1.000000e+00 -6.410596e-15 2.657721e+00 -4.454522e-14 1.071112e+01 1.000000e-16 3.754231e-01 1.000000e-16 2.341129e-02 1.000000e-16 4.218864e-06 
-1.027542e-15 1.000000e+00 -2.435246e-15 2.278892e+00 -7.884557e-15 7.248603e+00 1.000000e-16 1.015236e-01 1.000000e-16 8.707086e-02 1.000000e-16 7.478324e-05 
-1.028888e-15 1.000000e+00 -3.350614e-15 2.429784e+00 -1.610703e-14 8.504811e+00 1.000000e-16 2.337775e-01 1.000000e-16 5.475281e-02 1.000000e-16 5.779266e-06 
-1.095166e-15 1.000000e+00 -4.074354e-15 2.506006e+00 -2.387898e-14 9.197806e+00 1.000000e-16 2.879385e-01 1.000000e-16 4.229141e-02 1.000000e-16 3.494805e-06 
-9.599838e-16 1.000000e+00 -2.115384e-15 2.026543e+00 -5.028825e-15 5.452443e+00 1.000000e-16 -2.298955e-01 1.000000e-16 1.790905e-01 1.000000e-16 2.461349e-04 
-1.057571e-15 1.000000e+00 -2.718522e-15 2.312496e+00 -9.188597e-15 7.515413e+00 1.000000e-16 1.345083e-01 1.000000e-16 7.870244e-02 1.000000e-16 6.624257e-05 
-1.031518e-15 1.000000e+00 -3.370993e-15 2.430083e+00 -1.628897e-14 8.501268e+00 1.000000e-16 2.369715e-01 1.000000e-16 5.318908e-02 1.000000e-16 1.772559e-04 
-1.483673e-15 1.000000e+00 -8.930316e-15 2.820659e+00 -6.832166e-14 1.257224e+01 1.000000e-16 4.452797e-01 1.000000e-16 9.685871e-03 1.000000e-16 2.101122e-06 
-1.062442e-15 1.000000e+00 -3.006579e-15 2.367983e+00 -1.211605e-14 7.973153e+00 1.000000e-16 1.836135e-01 1.000000e-16 6.682772e-02 1.000000e-16 -4.485199e-06 
-1.034350e-15 1.000000e+00 -2.176258e-15 2.066430e+00 -5.218927e-15 5.714540e+00 1.000000e-16 -1.673045e-01 1.000000e-16 1.613102e-01 1.000000e-16 3.685984e-05 
-1.280632e-15 1.000000e+00 -5.896452e-15 2.631550e+00 -4.021957e-14 1.043620e+01 1.000000e-16 3.620656e-01 1.000000e-16 2.617707e-02 1.000000e-16 5.171320e-06 
-1.358501e-15 1.000000e+00 -6.539302e-15 2.673485e+00 -4.556767e-14 1.087990e+01 1.000000e-16 3.831152e-01 1.000000e-16 2.184801e-02 1.000000e-16 1.965542e-06 
-1.248535e-15 1.000000e+00 -5.274600e-15 2.584005e+00 -3.423530e-14 9.952394e+00 1.000000e-16 3.359311e-01 1.000000e-16 3.174079e-02 1.000000e-16 1.078829e-06 
-1.055053e-15 1.000000e+00 -2.427348e-15 2.097268e+00 -5.398910e-15 5.920715e+00 1.000000e-16 -1.192883e-01 1.000000e-16 1.468551e-01 1.000000e-16 1.857599e-04 
-1.031540e-15 1.000000e+00 -3.695689e-15 2.471033e+00 -1.995087e-14 8.874563e+00 1.000000e-16 2.640603e-01 1.000000e-16 4.771172e-02 1.000000e-16 5.455940e-06 
-9.374119e-16 1.000000e+00 -2.434334e-15 2.303995e+00 -8.238622e-15 7.442927e+00 1.000000e-16 1.294365e-01 1.000000e-16 7.905477e-02 1.000000e-16 2.812485e-04 
-1.016512e-15 1.000000e+00 -2.961654e-15 2.377420e+00 -1.248091e-14 8.052027e+00 1.000000e-16 1.920236e-01 1.000000e-16 6.466893e-02 1.000000e-16 2.011891e-05 
-1.028190e-15 1.000000e+00 -2.664359e-15 2.337796e+00 -1.006222e-14 7.722281e+00 1.000000e-16 1.571268e-01 1.000000e-16 7.331078e-02 1.000000e-16 4.399231e-06 
-1.157561e-15 1.000000e+00 -5.030931e-15 2.571183e+00 -3.177731e-14 9.824983e+00 1.000000e-16 3.285273e-01 1.000000e-16 3.333299e-02 1.000000e-16 2.112152e-06 
-1.228047e-15 1.000000e+00 -5.482686e-15 2.610404e+00 -3.646606e-14 1.021865e+01 1.000000e-16 3.507336e-01 1.000000e-16 2.856881e-02 1.000000e-16 3.724497e-06 
-1.063566e-15 1.000000e+00 -2.645925e-15 2.317879e+00 -9.488526e-15 7.560229e+00 1.000000e-16 1.386364e-01 1.000000e-16 7.795201e-02 1.000000e-16 -1.359647e-07 
-1.494147e-15 1.000000e+00 -7.649221e-15 2.740302e+00 -5.501198e-14 1.162026e+01 1.000000e-16 4.135435e-01 1.000000e-16 1.575496e-02 1.000000e-16 3.151202e-06 
-9.257584e-16 1.000000e+00 -2.409133e-15 2.301239e+00 -6.975041e-15 7.381295e+00 1.000000e-16 1.568060e-01 1.000000e-16 6.292673e-02 1.000000e-16 2.419405e-03 
-1.209597e-15 1.000000e+00 -5.455138e-15 2.598079e+00 -3.529243e-14 1.009373e+01 1.000000e-16 3.438808e-01 1.000000e-16 3.003887e-02 1.000000e-16 1.070827e-06 
-9.736887e-16 1.000000e+00 -2.081345e-15 2.128593e+00 -4.847849e-15 6.137943e+00 1.000000e-16 -7.695627e-02 1.000000e-16 1.354797e-01 1.000000e-16 1.052064e-05 
-1.022841e-15 1.000000e+00 -3.005455e-15 2.382676e+00 -1.280902e-14 8.095708e+00 1.000000e-16 1.969173e-01 1.000000e-16 6.334508e-02 1.000000e-16 5.027496e-05 
-1.047176e-15 1.000000e+00 -2.900231e-15 2.354952e+00 -1.126721e-14 7.864107e+00 1.000000e-16 1.723790e-01 1.000000e-16 6.955977e-02 1.000000e-16 4.759393e-08 
-1.144729e-15 1.000000e+00 -2.465675e-15 1.910386e+00 -5.284496e-15 4.736389e+00 1.000000e-16 -4.485962e-01 1.000000e-16 2.452302e-01 1.000000e-16 8.183177e-04 
-1.137857e-15 1.000000e+00 -5.237289e-15 2.592016e+00 -3.429019e-14 1.003264e+01 1.000000e-16 3.404840e-01 1.000000e-16 3.076384e-02 1.000000e-16 1.169948e-06 
-1.120715e-15 1.000000e+00 -3.409661e-15 2.413232e+00 -1.519857e-14 8.359878e+00 1.000000e-16 2.209132e-01 1.000000e-16 5.780571e-02 1.000000e-16 3.571380e-06 
-1.074182e-15 1.000000e+00 -2.610271e-15 2.269590e+00 -7.775033e-15 7.176049e+00 1.000000e-16 9.194393e-02 1.000000e-16 8.955207e-02 1.000000e-16 7.260819e-05 
-1.082164e-15 1.000000e+00 -4.087563e-15 2.501420e+00 -2.293261e-14 9.154127e+00 1.000000e-16 2.851895e-01 1.000000e-16 4.283320e-02 1.000000e-16 1.904257e-05 
-1.065674e-15 1.000000e+00 -3.013504e-15 2.374017e+00 -1.213030e-14 8.015055e+00 1.000000e-16 1.938572e-01 1.000000e-16 6.287927e-02 1.000000e-16 3.156519e-04 
-1.050800e-15 1.000000e+00 -2.217106e-15 2.091549e+00 -5.368732e-15 5.883782e+00 1.000000e-16 -1.302649e-01 1.000000e-16 1.509028e-01 1.000000e-16 -5.531322e-05 
-1.349515e-15 1.000000e+00 -6.962248e-15 2.694109e+00 -4.919344e-14 1.110375e+01 1.000000e-16 3.929347e-01 1.000000e-16 1.985214e-02 1.000000e-16 2.933665e-06 
-1.049054e-15 1.000000e+00 -2.210659e-15 2.087377e+00 -4.931474e-15 5.851722e+00 1.000000e-16 -1.310802e-01 1.000000e-16 1.492754e-01 1.000000e-16 4.495712e-04 
-1.027985e-15 1.000000e+00 -2.929405e-15 2.386674e+00 -1.289996e-14 8.130991e+00 1.000000e-16 1.995402e-01 1.000000e-16 6.290838e-02 1.000000e-16 7.223504e-06 
-9.825435e-16 1.000000e+00 -2.605260e-15 2.289994e+00 -8.332017e-15 7.337027e+00 1.000000e-16 1.118830e-01 1.000000e-16 8.465885e-02 1.000000e-16 1.728734e-05 
-1.036085e-15 1.000000e+00 -2.826637e-15 2.344949e+00 -1.069536e-14 7.781062e+00 1.000000e-16 1.636198e-01 1.000000e-16 7.168794e-02 1.000000e-16 7.330483e-06 
-1.466620e-15 1.000000e+00 -8.343485e-15 2.780551e+00 -6.219205e-14 1.208830e+01 1.000000e-16 4.300430e-01 1.000000e-16 1.256581e-02 1.000000e-16 2.130083e-06 
-1.596618e-15 1.000000e+00 -9.954485e-15 2.884894e+00 -7.920261e-14 1.338775e+01 1.000000e-16 4.673018e-01 1.000000e-16 5.652065e-03 1.000000e-16 2.165497e-06 
-1.050636e-15 1.000000e+00 -3.400375e-15 2.442218e+00 -1.752965e-14 8.611248e+00 1.000000e-16 2.448811e-01 1.000000e-16 5.168230e-02 1.000000e-16 1.037428e-04 
-1.242917e-15 1.000000e+00 -5.615946e-15 2.610883e+00 -3.776732e-14 1.022370e+01 1.000000e-16 3.509492e-01 1.000000e-16 2.853401e-02 1.000000e-16 1.725292e-06 
-1.617123e-15 1.000000e+00 -9.432628e-15 2.856095e+00 -7.472591e-14 1.301536e+01 1.000000e-16 4.578110e-01 1.000000e-16 7.364579e-03 1.000000e-16 3.102028e-06 
-1.028954e-15 1.000000e+00 -2.433105e-15 1.987287e+00 -4.875644e-15 5.199999e+00 1.000000e-16 -2.918949e-01 1.000000e-16 1.951548e-01 1.000000e-16 1.040896e-03 
-1.141828e-15 1.000000e+00 -2.459442e-15 1.909000e+00 -5.271274e-15 4.730831e+00 1.000000e-16 -4.581192e-01 1.000000e-16 2.508503e-01 1.000000e-16 2.625633e-05 
-1.350233e-15 1.000000e+00 -6.475464e-15 2.670859e+00 -4.505753e-14 1.085154e+01 1.000000e-16 3.818665e-01 1.000000e-16 2.209687e-02 1.000000e-16 3.016604e-06 
-1.180131e-15 1.000000e+00 -4.740745e-15 2.555142e+00 -2.949865e-14 9.667614e+00 1.000000e-16 3.189626e-01 1.000000e-16 3.541975e-02 1.000000e-16 1.115715e-06 
-1.489656e-15 1.000000e+00 -8.416024e-15 2.792513e+00 -6.378057e-14 1.223058e+01 1.000000e-16 4.347331e-01 1.000000e-16 1.166763e-02 1.000000e-16 2.803787e-06 
-1.380351e-15 1.000000e+00 -7.103896e-15 2.709106e+00 -5.132924e-14 1.126879e+01 1.000000e-16 3.998953e-01 1.000000e-16 1.844006e-02 1.000000e-16 5.694360e-06 
-1.278020e-15 1.000000e+00 -5.886805e-15 2.635336e+00 -4.001987e-14 1.047620e+01 1.000000e-16 3.638886e-01 1.000000e-16 2.583247e-02 1.000000e-16 -1.370066e-06 
-1.062122e-15 1.000000e+00 -2.514903e-15 2.035960e+00 -5.456391e-15 5.514676e+00 1.000000e-16 -2.164667e-01 1.000000e-16 1.759206e-01 1.000000e-16 7.975302e-06 
-1.196568e-15 1.000000e+00 -4.872055e-15 2.561142e+00 -3.041149e-14 9.726267e+00 1.000000e-16 3.225617e-01 1.000000e-16 3.463509e-02 1.000000e-16 9.453300e-07 
-1.406449e-15 1.000000e+00 -7.725784e-15 2.752358e+00 -5.767324e-14 1.175668e+01 1.000000e-16 4.189560e-01 1.000000e-16 1.462824e-02 1.000000e-16 1.473385e-05 
-1.558605e-15 1.000000e+00 -9.628900e-15 2.858300e+00 -7.569534e-14 1.306068e+01 1.000000e-16 4.566015e-01 1.000000e-16 7.964695e-03 1.000000e-16 -5.442444e-05 
-1.084757e-15 1.000000e+00 -3.657687e-15 2.462490e+00 -1.967207e-14 8.796998e+00 1.000000e-16 2.579778e-01 1.000000e-16 4.911263e-02 1.000000e-16 5.437130e-06 
-1.446801e-15 1.000000e+00 -8.059574e-15 2.772282e+00 -6.073647e-14 1.199075e+01 1.000000e-16 4.267527e-01 1.000000e-16 1.319642e-02 1.000000e-16 2.194332e-06 
-1.363682e-15 1.000000e+00 -6.581968e-15 2.672070e+00 -4.602859e-14 1.086458e+01 1.000000e-16 3.824504e-01 1.000000e-16 2.197878e-02 1.000000e-16 2.822045e-06 
-1.359529e-15 1.000000e+00 -6.042342e-15 2.640222e+00 -4.137678e-14 1.052680e+01 1.000000e-16 3.665215e-01 1.000000e-16 2.525978e-02 1.000000e-16 3.030464e-06 
-9.349490e-16 1.000000e+00 -2.426268e-15 2.299588e+00 -8.424780e-15 7.412715e+00 1.000000e-16 1.216494e-01 1.000000e-16 8.207724e-02 1.000000e-16 3.880313e-05 
-1.157476e-15 1.000000e+00 -2.723472e-15 1.677306e+00 -5.991639e-15 3.490713e+00 1.000000e-16 -1.127874e+00 1.000000e-16 4.815065e-01 1.000000e-16 1.203755e-03 
-9.827021e-16 1.000000e+00 -2.283410e-15 2.223985e+00 -5.887696e-15 6.808404e+00 1.000000e-16 6.042194e-02 1.000000e-16 9.207051e-02 1.000000e-16 1.471276e-03 
-1.202946e-15 1.000000e+00 -4.919496e-15 2.564008e+00 -3.090116e-14 9.754275e+00 1.000000e-16 3.243026e-01 1.000000e-16 3.424768e-02 1.000000e-16 2.554916e-06 
-1.140502e-15 1.000000e+00 -2.456625e-15 1.909514e+00 -5.265567e-15 4.736850e+00 1.000000e-16 -4.645306e-01 1.000000e-16 2.558653e-01 1.000000e-16 -8.884857e-04 
-9.983336e-16 1.000000e+00 -2.836583e-15 2.362341e+00 -1.165643e-14 7.924064e+00 1.000000e-16 1.798044e-01 1.000000e-16 6.745697e-02 1.000000e-16 6.238016e-05 
-1.150778e-15 1.000000e+00 -4.511171e-15 2.533887e+00 -2.741267e-14 9.462045e+00 1.000000e-16 3.059036e-01 1.000000e-16 3.828458e-02 1.000000e-16 2.776652e-06 
-9.684284e-16 1.000000e+00 -2.638214e-15 2.334742e+00 -9.849818e-15 7.695672e+00 1.000000e-16 1.553613e-01 1.000000e-16 7.345319e-02 1.000000e-16 7.147977e-05 
-1.008873e-15 1.000000e+00 -3.462923e-15 2.471066e+00 -1.785400e-14 8.817599e+00 1.000000e-16 2.896904e-01 1.000000e-16 3.488779e-02 1.000000e-16 1.432344e-03 
-1.085777e-15 1.000000e+00 -3.165502e-15 2.387323e+00 -1.318648e-14 8.136650e+00 1.000000e-16 2.000110e-01 1.000000e-16 6.281340e-02 1.000000e-16 3.164090e-06 
-1.272139e-15 1.000000e+00 -5.954666e-15 2.628065e+00 -3.959115e-14 1.040041e+01 1.000000e-16 3.601454e-01 1.000000e-16 2.659992e-02 1.000000e-16 1.345283e-06 
-1.088547e-15 1.000000e+00 -3.674570e-15 2.469205e+00 -2.007316e-14 8.852415e+00 1.000000e-16 2.651066e-01 1.000000e-16 4.684819e-02 1.000000e-16 1.332163e-04 
-1.442108e-15 1.000000e+00 -8.022211e-15 2.769545e+00 -6.040955e-14 1.195845e+01 1.000000e-16 4.256806e-01 1.000000e-16 1.339654e-02 1.000000e-16 3.197761e-06 
-1.133340e-15 1.000000e+00 -2.441128e-15 1.900251e+00 -5.580473e-15 4.679735e+00 1.000000e-16 -4.775665e-01 1.000000e-16 2.571900e-01 1.000000e-16 8.188616e-06 
-1.044399e-15 1.000000e+00 -2.461687e-15 2.232608e+00 -6.720939e-15 6.892648e+00 1.000000e-16 5.215553e-02 1.000000e-16 9.998775e-02 1.000000e-16 6.662141e-05 
-1.402966e-15 1.000000e+00 -6.895631e-15 2.690114e+00 -4.877889e-14 1.105995e+01 1.000000e-16 3.910899e-01 1.000000e-16 2.021902e-02 1.000000e-16 3.831251e-06 
-1.407530e-15 1.000000e+00 -6.945282e-15 2.693115e+00 -4.918167e-14 1.109442e+01 1.000000e-16 3.921522e-01 1.000000e-16 2.008153e-02 1.000000e-16 -9.494170e-06 
-9.625800e-16 1.000000e+00 -2.597155e-15 2.329025e+00 -9.307814e-15 7.648499e+00 1.000000e-16 1.504473e-01 1.000000e-16 7.457828e-02 1.000000e-16 9.428330e-05 
-1.094706e-15 1.000000e+00 -4.533636e-15 2.539372e+00 -2.781672e-14 9.511826e+00 1.000000e-16 3.103201e-01 1.000000e-16 3.705908e-02 1.000000e-16 5.138623e-05 
-1.367995e-15 1.000000e+00 -6.614813e-15 2.673908e+00 -4.604325e-14 1.088425e+01 1.000000e-16 3.833648e-01 1.000000e-16 2.178693e-02 1.000000e-16 3.757270e-06 
-9.662335e-16 1.000000e+00 -2.238678e-15 2.199572e+00 -5.721531e-15 6.646714e+00 1.000000e-16 1.363750e-02 1.000000e-16 1.104538e-01 1.000000e-16 2.309916e-05 
-1.201985e-15 1.000000e+00 -5.391010e-15 2.594138e+00 -3.503007e-14 1.005396e+01 1.000000e-16 3.416841e-01 1.000000e-16 3.050574e-02 1.000000e-16 1.449272e-06 
-1.259128e-15 1.000000e+00 -5.734436e-15 2.621702e+00 -3.845479e-14 1.033454e+01 1.000000e-16 3.568100e-01 1.000000e-16 2.729061e-02 1.000000e-16 3.039289e-06 
-1.124335e-15 1.000000e+00 -4.772447e-15 2.551534e+00 -2.987643e-14 9.632513e+00 1.000000e-16 3.167653e-01 1.000000e-16 3.590344e-02 1.000000e-16 5.904405e-07 
-1.602442e-15 1.000000e+00 -9.412620e-15 2.858224e+00 -7.355645e-14 1.304051e+01 1.000000e-16 4.587642e-01 1.000000e-16 7.145704e-03 1.000000e-16 9.911242e-06 
-1.283131e-15 1.000000e+00 -5.929139e-15 2.633749e+00 -4.035994e-14 1.045930e+01 1.000000e-16 3.631556e-01 1.000000e-16 2.596337e-02 1.000000e-16 2.625393e-06 
-1.030633e-15 1.000000e+00 -2.561399e-15 2.283032e+00 -7.990014e-15 7.281849e+00 1.000000e-16 1.051346e-01 1.000000e-16 8.631939e-02 1.000000e-16 3.321171e-05 
-1.086899e-15 1.000000e+00 -3.055393e-15 2.387985e+00 -1.321724e-14 8.142242e+00 1.000000e-16 2.005837e-01 1.000000e-16 6.266773e-02 1.000000e-16 4.794643e-06 
-1.087147e-15 1.000000e+00 -2.514436e-15 2.220165e+00 -6.552909e-15 6.799984e+00 1.000000e-16 3.730442e-02 1.000000e-16 1.041959e-01 1.000000e-16 1.530398e-06 
-1.376115e-15 1.000000e+00 -7.195858e-15 2.707601e+00 -5.118639e-14 1.125237e+01 1.000000e-16 3.991588e-01 1.000000e-16 1.859912e-02 1.000000e-16 3.647376e-06 
-1.054755e-15 1.000000e+00 -3.116792e-15 2.406968e+00 -1.440842e-14 8.305337e+00 1.000000e-16 2.160278e-01 1.000000e-16 5.894826e-02 1.000000e-16 7.989695e-06 
-1.011822e-15 1.000000e+00 -3.214117e-15 2.420519e+00 -1.498220e-14 8.416297e+00 1.000000e-16 2.301679e-01 1.000000e-16 5.463137e-02 1.000000e-16 2.122688e-04 
-1.128039e-15 1.000000e+00 -4.442409e-15 2.527573e+00 -2.628448e-14 9.401593e+00 1.000000e-16 3.019493e-01 1.000000e-16 3.915256e-02 1.000000e-16 4.565445e-06 
-1.100160e-15 1.000000e+00 -3.777233e-15 2.474138e+00 -2.088627e-14 8.903068e+00 1.000000e-16 2.661752e-01 1.000000e-16 4.724550e-02 1.000000e-16 1.535843e-06 
-1.172696e-15 1.000000e+00 -2.512933e-15 1.855392e+00 -5.361048e-15 4.422433e+00 1.000000e-16 -5.810417e-01 1.000000e-16 2.904488e-01 1.000000e-16 2.448763e-04 
